0.974158
0.800000
0.780000
0.800000
0.761250
0.757500
0.772500
0.825000
0.757500
0.912500
-0.051684
1.023750
0.812500
-0.051684
-0.051684
0.837500
0.815000
0.800000
0.800000
0.967500
0.800000
0.800000
0.752500
0.800000
0.785000
0.800000
0.755000
0.777500
2.000000
1.000000
0.974158
0.800000
0.800000
0.756250
0.790000
0.800000
0.755000
0.770000
0.762500
0.760000
-0.051684
-0.051684
-0.051684
-0.051684
0.815000
0.820000
0.822500
0.800000
0.800000
0.772500
0.767500
0.758750
0.780000
0.757500
0.778750
0.752500
0.765000
0.788750
2.000000
1.000000
0.974158
0.800000
0.763750
0.800000
0.751250
0.778750
0.791250
0.800000
0.800000
0.756250
0.753750
-0.051684
-0.051684
0.782500
-0.051684
0.820000
0.892500
0.800000
0.761250
0.807500
0.800000
0.765000
0.853750
0.757500
0.792500
0.816250
0.800000
0.805000
2.000000
1.000000
0.974158
0.761250
0.755000
0.781250
0.773750
0.757500
0.770000
0.750000
0.775000
0.800000
0.800000
0.753750
0.787500
-0.051684
-0.051684
0.810000
0.951250
0.761250
0.800000
0.800000
0.800000
0.785000
0.860000
0.767500
0.758750
0.818750
0.760000
0.802500
2.000000
1.000000
0.974158
0.756250
0.800000
0.800000
0.800000
0.800000
0.785000
0.800000
0.770000
0.800000
0.770000
0.768750
0.758750
-0.051684
-0.051684
0.800000
0.755000
0.757500
0.778750
0.761250
0.802500
0.803750
0.787500
0.827500
0.762500
0.858750
1.300000
0.813750
2.000000
1.000000
1.423750
0.788750
0.800000
0.800000
0.800000
0.800000
0.783750
0.770000
0.773750
0.800000
0.762500
0.768750
0.908750
-0.051684
-0.051684
-0.051684
0.750000
0.800000
0.785000
0.762500
0.838750
0.775000
0.800000
0.832500
0.757500
0.756250
0.865000
0.791250
2.000000
1.000000
0.974158
0.800000
0.795000
0.750000
0.800000
0.775000
-0.051684
-0.051684
-0.051684
0.780000
0.781250
-0.051684
-0.051684
-0.051684
-0.051684
0.926250
0.766250
0.800000
0.800000
0.800000
0.755000
0.810000
0.752500
0.800000
0.750000
0.758750
0.752500
0.771250
2.000000
1.000000
0.974158
0.800000
0.752500
0.797500
0.787500
-0.051684
-0.051684
-0.051684
-0.051684
-0.051684
-0.051684
-0.051684
-0.051684
-0.051684
-0.051684
-0.051684
0.966250
0.800000
0.800000
0.753750
0.800000
0.762500
0.775000
0.755000
0.800000
0.800000
0.800000
0.773750
2.000000
1.000000
0.974158
0.800000
0.756250
0.890000
-0.051684
-0.051684
0.818750
0.752500
0.787500
-0.051684
-0.051684
-0.051684
-0.051684
0.765000
0.923750
-0.051684
0.900000
0.800000
0.800000
0.773750
0.758750
0.820000
0.778750
0.783750
0.800000
0.757500
0.757500
0.805000
2.000000
1.000000
0.974158
0.767500
0.802500
-0.051684
-0.051684
-0.051684
0.831250
0.800000
-0.051684
-0.051684
0.752500
-0.051684
-0.051684
0.800000
-0.051684
-0.051684
0.868750
0.751250
0.800000
0.752500
0.756250
0.810000
0.780000
0.821250
0.758750
0.752500
0.810000
0.797500
2.000000
1.000000
1.413750
0.831250
-0.051684
-0.051684
-0.051684
-0.051684
-0.051684
-0.051684
-0.051684
-0.051684
-0.051684
-0.051684
1.322500
-0.051684
-0.051684
0.802500
0.867500
0.773750
0.800000
0.800000
0.753750
0.957500
0.783750
0.775000
0.813750
0.762500
0.810000
0.788750
2.000000
1.000000
1.435000
-0.051684
-0.051684
-0.051684
0.776250
0.752500
-0.051684
-0.051684
-0.051684
-0.051684
-0.051684
0.802500
0.975000
-0.051684
-0.051684
0.802500
0.880000
0.857500
0.755000
0.800000
0.800000
0.908750
0.815000
0.758750
0.777500
0.795000
0.807500
0.792500
2.000000
1.000000
0.974158
-0.051684
0.770000
0.840000
0.792500
-0.051684
-0.051684
-0.051684
0.775000
0.781250
-0.051684
1.167500
0.865000
-0.051684
0.783750
1.382500
1.802500
1.976250
1.066250
0.752500
0.757500
0.752500
0.750000
0.753750
0.775000
0.811250
0.832500
1.752500
2.000000
1.000000
0.974158
0.856250
0.782500
0.780000
0.848750
-0.051684
-0.051684
-0.051684
-0.051684
0.845000
1.225000
1.253750
-0.051684
0.837500
0.793750
1.281250
1.635000
2.007500
2.138750
1.223750
0.787500
0.750000
0.755000
0.787500
0.828750
0.831250
0.882500
0.927500
2.000000
1.000000
1.455000
0.857500
0.812500
-0.051684
-0.051684
-0.051684
-0.051684
-0.051684
-0.051684
-0.051684
1.235000
1.305000
-0.051684
0.867500
0.783750
1.200000
1.630000
1.802500
1.868750
1.867500
1.850000
1.068750
0.830000
0.802500
0.840000
0.877500
0.878750
0.911250
2.000000
1.000000
1.466250
0.917500
0.840000
0.928750
-0.051684
-0.051684
-0.051684
-0.051684
-0.051684
-0.051684
0.832500
1.372500
-0.051684
0.780000
0.787500
0.783750
1.490000
1.647500
1.740000
1.665000
1.670000
1.500000
1.297500
0.886250
0.900000
1.002500
1.515000
0.908750
2.000000
1.000000
0.974158
0.800000
0.827500
0.845000
-0.051684
-0.051684
-0.051684
-0.051684
-0.051684
-0.051684
-0.051684
1.383750
-0.051684
0.807500
0.787500
0.770000
0.857500
1.591250
1.633750
1.497500
1.442500
1.342500
1.323750
1.332500
1.245000
1.367500
1.538750
1.108750
2.000000
1.000000
1.547500
0.800000
0.875000
0.941250
0.851250
0.827500
-0.051684
-0.051684
-0.051684
-0.051684
-0.051684
1.037500
-0.051684
0.808750
0.787500
0.785000
0.827500
1.335000
1.500000
1.496250
1.261250
1.283750
1.240000
1.297500
1.263750
1.347500
1.372500
1.421250
2.000000
1.000000
1.547500
0.966250
0.875000
0.800000
0.800000
1.043750
0.763750
0.768750
0.783750
-0.051684
-0.051684
1.232500
-0.051684
0.842500
0.787500
0.787500
0.815000
1.107500
1.160000
1.373750
1.468750
1.306250
1.230000
1.265000
1.298750
1.378750
1.370000
1.348750
2.000000
1.000000
1.523750
0.842500
0.877500
0.787500
0.765000
0.973750
0.770000
0.778750
0.760000
-0.051684
-0.051684
-0.051684
1.165000
-0.051684
0.867500
0.782500
0.785000
0.817500
0.882500
0.931250
1.422500
1.405000
1.396250
1.385000
1.310000
1.330000
1.347500
1.422500
2.000000
1.000000
1.468750
0.851250
0.800000
0.800000
0.800000
0.762500
0.782500
0.782500
0.760000
-0.051684
-0.051684
-0.051684
-0.051684
-0.051684
-0.051684
0.818750
0.775000
0.786250
0.847500
0.875000
0.887500
1.305000
1.393750
1.372500
1.302500
1.313750
1.335000
1.420000
2.000000
1.000000
1.462500
0.852500
0.800000
0.800000
0.753750
0.760000
0.756250
0.792500
0.752500
0.775000
0.772500
-0.051684
-0.051684
-0.051684
-0.051684
-0.051684
-0.051684
0.786250
0.797500
0.812500
0.853750
0.875000
0.927500
1.266250
1.340000
1.322500
1.487500
1.515000
2.000000
1.000000
1.433750
0.778750
0.800000
0.762500
0.785000
0.797500
0.826250
0.830000
0.800000
0.800000
0.770000
0.837500
0.785000
-0.051684
-0.051684
-0.051684
-0.051684
-0.051684
-0.051684
-0.051684
-0.051684
-0.051684
-0.051684
0.953750
1.380000
1.247500
1.277500
1.498750
2.000000
1.000000
1.405000
0.777500
0.761250
0.797500
0.845000
0.847500
0.835000
0.800000
0.800000
0.800000
0.800000
0.887500
0.776250
-0.051684
-0.051684
-0.051684
1.101250
0.860000
-0.051684
-0.051684
-0.051684
-0.051684
-0.051684
-0.051684
1.275000
1.247500
1.253750
1.466250
2.000000
1.000000
1.421250
0.782500
0.767500
0.887500
0.903750
0.847500
-0.051684
0.800000
0.800000
0.800000
0.800000
0.861250
0.800000
-0.051684
-0.051684
-0.051684
1.188750
1.205000
1.236250
0.901250
-0.051684
-0.051684
0.777500
-0.051684
1.112500
1.367500
1.377500
1.512500
2.000000
1.000000
1.443750
0.787500
0.786250
0.750000
0.785000
-0.051684
-0.051684
-0.051684
-0.051684
-0.051684
0.800000
0.800000
0.808750
-0.051684
-0.051684
0.775000
0.916250
0.772500
-0.051684
-0.051684
-0.051684
0.757500
-0.051684
-0.051684
1.116250
1.361250
1.428750
1.503750
2.000000
1.000000
1.440000
0.800000
0.800000
0.800000
0.780000
-0.051684
-0.051684
-0.051684
-0.051684
-0.051684
-0.051684
-0.051684
-0.051684
-0.051684
-0.051684
-0.051684
-0.051684
-0.051684
-0.051684
-0.051684
-0.051684
-0.051684
-0.051684
1.275000
1.155000
1.365000
1.333750
1.515000
2.000000
1.000000
1.421250
0.800000
0.800000
0.757500
0.851250
-0.051684
-0.051684
-0.051684
0.768750
-0.051684
-0.051684
-0.051684
-0.051684
-0.051684
-0.051684
-0.051684
-0.051684
-0.051684
-0.051684
-0.051684
-0.051684
-0.051684
0.960000
1.120000
1.153750
1.365000
1.366250
1.517500
2.000000
1.000000
1.390000
0.800000
0.800000
0.935000
0.800000
0.800000
0.792500
-0.051684
-0.051684
-0.051684
-0.051684
-0.051684
-0.051684
-0.051684
-0.051684
-0.051684
-0.051684
-0.051684
-0.051684
-0.051684
-0.051684
-0.051684
1.126250
1.158750
1.167500
1.238750
1.436250
1.497500
2.000000
1.000000
1.873750
0.753750
0.755000
0.862500
0.780000
0.800000
0.788750
0.775000
-0.051684
-0.051684
0.798750
-0.051684
-0.051684
-0.051684
-0.051684
-0.051684
-0.051684
-0.051684
-0.051684
-0.051684
-0.051684
1.112500
1.181250
1.242500
1.306250
1.477500
1.281250
1.546250
2.000000
1.000000
1.825000
0.852500
0.772500
0.895000
0.793750
0.758750
0.830000
0.762500
0.785000
0.800000
0.757500
-0.051684
-0.051684
0.778750
-0.051684
-0.051684
-0.051684
-0.051684
-0.051684
-0.051684
-0.051684
0.922500
0.972500
-0.051684
-0.051684
-0.051684
-0.051684
0.890000
2.000000
1.000000
0.974158
0.766250
0.812500
0.800000
0.800000
0.880000
0.776250
0.765000
0.800000
0.800000
0.750000
0.877500
-0.051684
0.770000
-0.051684
-0.051684
-0.051684
-0.051684
-0.051684
-0.051684
0.927500
-0.051684
-0.051684
-0.051684
0.750000
0.750000
0.750000
-0.051684
2.000000
1.000000
0.974158
0.800000
0.792500
0.851250
0.800000
0.781250
0.800000
0.781250
0.785000
0.772500
0.820000
0.826250
-0.051684
-0.051684
-0.051684
-0.051684
0.870000
-0.051684
1.053750
0.947500
-0.051684
-0.051684
0.891250
0.750000
0.750000
0.750000
0.750000
1.206250
2.000000
1.000000
1.467500
0.780000
0.800000
0.760000
0.787500
0.800000
0.800000
0.800000
0.800000
0.770000
0.768750
-0.051684
-0.051684
-0.051684
-0.051684
-0.051684
0.770000
-0.051684
-0.051684
-0.051684
-0.051684
-0.051684
0.852500
0.750000
0.752500
0.780000
0.755000
-0.051684
2.000000
1.000000
1.435000
0.776250
0.800000
0.753750
0.875000
0.800000
0.800000
0.800000
0.800000
0.800000
0.800000
0.801250
-0.051684
-0.051684
-0.051684
-0.051684
0.752500
-0.051684
-0.051684
-0.051684
-0.051684
0.761250
0.795000
0.800000
0.752500
1.008750
-0.051684
-0.051684
2.000000
1.000000
0.974158
0.800000
0.800000
0.800000
0.836250
0.800000
0.800000
0.796250
0.800000
0.800000
0.800000
0.800000
0.787500
-0.051684
0.762500
-0.051684
0.787500
0.757500
0.800000
0.800000
0.800000
0.800000
0.755000
0.800000
0.755000
-0.051684
-0.051684
1.598750
2.000000
1.000000
0.974158
0.800000
0.800000
0.800000
0.750000
0.775000
0.763750
0.800000
0.800000
0.780000
0.800000
0.756250
0.815000
0.771250
0.778750
0.800000
0.780000
0.765000
0.800000
0.800000
0.800000
0.800000
0.800000
0.800000
0.886250
-0.051684
-0.051684
1.651250
2.000000
1.000000
0.974158
0.800000
0.800000
0.800000
0.800000
0.800000
0.777500
0.800000
0.775000
0.800000
0.800000
0.753750
0.775000
0.752500
0.765000
0.800000
0.800000
0.768750
0.800000
0.800000
0.800000
0.800000
0.800000
0.761250
-0.051684
-0.051684
1.732500
1.585000
2.000000
1.000000
0.974158
0.800000
0.797500
0.767500
0.755000
0.752500
0.800000
0.800000
0.780000
0.800000
0.800000
0.760000
0.800000
0.772500
0.773750
0.755000
0.760000
0.762500
0.800000
0.800000
0.800000
0.800000
0.800000
0.866250
-0.051684
1.827500
1.696250
1.513750
2.000000
1.000000
0.974158
0.800000
0.800000
0.800000
0.758750
0.766250
0.800000
0.800000
0.800000
0.757500
0.778750
0.752500
0.753750
0.770000
0.785000
0.752500
0.816250
0.770000
0.800000
0.800000
0.800000
0.800000
0.762500
-0.051684
-0.051684
1.743750
1.563750
1.546250
2.000000
1.000000
1.405000
0.762500
0.800000
0.750000
0.773750
0.770000
0.755000
0.800000
0.800000
0.761250
0.827500
0.800000
0.800000
0.755000
0.765000
0.761250
0.790000
0.800000
0.800000
0.800000
0.800000
0.800000
1.036250
-0.051684
1.765000
1.690000
1.620000
1.687500
2.000000
1.000000
1.823750
1.033750
0.772500
0.785000
0.767500
0.760000
0.770000
0.800000
0.800000
0.800000
0.765000
0.760000
0.800000
0.792500
0.762500
0.800000
0.800000
0.800000
0.800000
0.800000
0.800000
0.750000
-0.051684
-0.051684
1.695000
1.595000
1.687500
1.678750
2.000000
1.000000
1.726250
1.117500
0.807500
0.800000
1.028750
0.782500
0.800000
0.751250
0.752500
0.800000
0.800000
0.795000
0.800000
0.800000
0.800000
0.800000
0.800000
0.800000
0.798750
0.780000
0.800000
0.891250
-0.051684
1.717500
1.652500
1.580000
1.710000
1.631250
2.000000
1.000000
1.487500
0.990000
0.800000
0.800000
0.777500
1.280000
0.800000
0.786250
0.800000
0.768750
0.767500
0.801250
0.790000
0.800000
0.800000
0.800000
0.760000
0.767500
0.792500
0.768750
0.800000
-0.051684
-0.051684
1.797500
1.623750
1.671250
1.682500
1.602500
2.000000
1.000000
1.478750
0.927500
0.850000
0.800000
0.800000
1.187500
0.770000
0.780000
0.756250
0.760000
0.800000
0.753750
0.825000
0.800000
0.800000
0.800000
0.810000
0.756250
0.793750
0.782500
0.755000
-0.051684
1.660000
1.662500
1.700000
1.710000
1.540000
1.380000
2.000000
1.000000
1.468750
0.927500
0.952500
0.800000
0.800000
1.207500
0.787500
0.800000
0.800000
0.772500
0.800000
0.798750
0.800000
0.800000
0.800000
0.800000
0.795000
0.800000
0.758750
0.790000
-0.051684
-0.051684
1.776250
1.662500
1.738750
1.771250
1.455000
1.365000
2.000000
1.000000
1.491250
0.962500
0.958750
0.940000
0.920000
1.431250
1.058750
0.800000
0.800000
0.800000
0.800000
0.800000
0.792500
0.800000
0.757500
0.782500
0.767500
0.758750
1.265000
1.541250
-0.051684
1.382500
1.766250
1.800000
1.768750
1.800000
1.492500
1.371250
2.000000
1.000000
1.483750
0.967500
0.925000
0.920000
0.925000
1.592500
1.686250
0.777500
0.755000
0.756250
0.757500
0.755000
1.133750
1.472500
1.476250
1.491250
1.423750
1.407500
1.416250
-0.051684
-0.051684
1.790000
1.813750
1.857500
1.775000
1.800000
1.627500
1.378750
2.000000
1.000000
1.483750
0.917500
0.903750
0.930000
0.917500
1.481250
1.791250
1.853750
1.087500
0.828750
0.782500
1.220000
1.376250
1.312500
1.282500
1.432500
1.265000
1.370000
1.507500
-0.051684
-0.051684
1.690000
1.861250
1.868750
1.840000
1.707500
1.622500
1.380000
2.000000
1.000000
1.493750
0.945000
0.912500
0.930000
1.465000
1.575000
1.668750
1.722500
1.663750
1.488750
1.237500
1.458750
1.376250
1.318750
1.278750
1.061250
1.047500
1.070000
-0.051684
-0.051684
1.848750
1.690000
1.875000
1.895000
1.585000
1.563750
1.637500
1.357500
2.000000
1.000000
1.500000
0.920000
0.932500
0.947500
1.512500
1.620000
1.623750
1.621250
1.607500
1.422500
1.492500
1.528750
1.416250
1.475000
1.188750
1.058750
1.030000
-0.051684
-0.051684
-0.051684
1.780000
1.876250
1.872500
1.837500
1.566250
1.817500
1.787500
1.373750
2.000000
1.000000
1.477500
0.902500
0.927500
1.210000
1.508750
1.572500
1.623750
1.642500
1.660000
1.662500
1.216250
1.410000
1.045000
1.012500
0.991250
-0.051684
-0.051684
-0.051684
-0.051684
1.658750
1.816250
1.841250
1.856250
1.793750
1.782500
1.792500
1.757500
1.697500
2.000000
1.000000
1.450000
0.902500
0.947500
1.330000
1.407500
1.571250
1.598750
1.736250
1.792500
1.723750
-0.051684
-0.051684
-0.051684
-0.051684
-0.051684
-0.051684
-0.051684
-0.051684
1.626250
1.642500
1.790000
1.838750
1.770000
1.758750
1.737500
1.720000
1.707500
1.677500
2.000000
1.000000
1.441250
1.043750
1.507500
1.275000
1.382500
1.627500
1.705000
1.760000
1.747500
-0.051684
-0.051684
-0.051684
-0.051684
-0.051684
-0.051684
-0.051684
1.197500
1.535000
1.651250
1.863750
1.848750
1.770000
1.741250
1.652500
1.673750
1.663750
1.640000
1.623750
2.000000
1.000000
1.498750
1.568750
1.465000
1.416250
1.532500
1.728750
1.722500
1.712500
-0.051684
-0.051684
-0.051684
-0.051684
0.886250
0.883750
0.988750
1.671250
1.710000
1.758750
1.790000
1.802500
1.765000
1.686250
1.671250
1.677500
1.603750
1.633750
1.590000
1.587500
2.000000
1.000000
1.767500
1.788750
1.647500
1.582500
1.728750
1.831250
1.702500
-0.051684
-0.051684
-0.051684
0.873750
0.887500
0.882500
0.872500
1.287500
1.640000
1.715000
1.756250
1.735000
1.795000
1.763750
1.667500
1.646250
1.647500
1.602500
1.617500
1.505000
1.501250
2.000000
1.000000
1.862500
1.788750
1.627500
1.767500
1.742500
1.768750
-0.051684
-0.051684
-0.051684
0.890000
0.880000
0.880000
0.860000
1.161250
1.477500
1.560000
1.725000
1.720000
1.752500
1.755000
1.767500
1.650000
1.637500
1.626250
1.582500
1.567500
1.495000
1.501250
2.000000
1.000000
1.906250
1.756250
1.787500
1.761250
1.752500
-0.051684
-0.051684
-0.051684
0.908750
0.892500
0.848750
0.867500
0.923750
1.286250
1.463750
1.600000
1.686250
1.693750
1.670000
1.677500
1.681250
1.645000
1.625000
1.600000
1.567500
1.545000
1.495000
1.415000
2.000000
1.000000
1.891250
1.775000
1.775000
1.755000
1.730000
-0.051684
-0.051684
-0.051684
0.842500
0.833750
0.870000
0.976250
1.063750
1.196250
1.510000
1.627500
1.646250
1.650000
1.672500
1.696250
1.682500
1.653750
1.617500
1.562500
1.465000
1.023750
1.240000
1.290000
2.000000
1.000000
1.912500
1.842500
1.806250
1.795000
-0.051684
-0.051684
-0.051684
0.837500
0.832500
0.860000
1.000000
1.060000
1.078750
1.177500
1.516250
1.615000
1.638750
1.636250
1.697500
1.645000
1.651250
1.590000
1.537500
1.467500
1.433750
1.023750
1.100000
1.187500
2.000000
1.000000
1.931250
1.777500
1.821250
1.720000
-0.051684
-0.051684
0.815000
0.843750
0.842500
1.017500
1.011250
1.075000
1.111250
1.282500
1.637500
1.671250
1.626250
1.635000
1.663750
1.567500
1.610000
1.572500
1.537500
1.507500
1.162500
1.145000
1.146250
1.276250
2.000000
1.000000
1.903750
1.793750
1.820000
-0.051684
-0.051684
0.897500
0.797500
0.812500
1.007500
1.003750
1.007500
1.072500
1.171250
1.202500
1.732500
1.687500
1.695000
1.652500
1.622500
1.568750
1.592500
1.618750
1.548750
1.507500
1.127500
1.145000
1.247500
1.250000
2.000000
1.000000
1.872500
1.798750
1.845000
-0.051684
-0.051684
0.825000
0.791250
0.805000
0.995000
1.003750
1.027500
1.040000
1.163750
1.622500
1.817500
1.726250
1.692500
1.628750
1.617500
1.640000
1.595000
1.570000
1.532500
1.502500
1.207500
1.243750
1.182500
1.312500
2.000000
1.000000
1.866250
1.795000
1.837500
-0.051684
-0.051684
0.806250
0.787500
0.995000
1.023750
1.036250
1.052500
1.155000
1.338750
1.883750
1.786250
1.707500
1.666250
1.671250
1.603750
1.585000
1.587500
1.593750
1.567500
1.467500
1.282500
1.342500
1.293750
1.268750
2.000000
1.000000
1.848750
1.760000
1.798750
-0.051684
0.913750
0.810000
0.792500
1.027500
1.040000
1.046250
1.060000
1.185000
1.735000
1.982500
1.856250
1.712500
1.670000
1.647500
1.605000
1.595000
1.586250
1.545000
1.557500
1.415000
1.321250
1.358750
1.333750
1.341250
2.000000
1.000000
1.846250
1.735000
1.807500
-0.051684
0.925000
0.823750
0.793750
1.026250
1.032500
1.070000
1.058750
1.567500
1.838750
2.056250
1.986250
1.798750
1.678750
1.615000
1.622500
1.582500
1.586250
1.548750
1.497500
1.411250
1.385000
1.400000
1.395000
0.960000
2.000000
1.000000
1.828750
1.757500
1.805000
-0.051684
0.987500
0.843750
0.781250
1.048750
1.028750
1.042500
1.072500
1.687500
2.125000
2.312500
2.203750
1.905000
1.652500
1.527500
1.515000
1.533750
1.540000
1.503750
1.451250
1.365000
1.363750
1.266250
1.028750
0.937500
2.000000
1.000000
1.835000
1.715000
1.792500
-0.051684
0.960000
0.897500
0.781250
1.050000
1.072500
1.100000
1.142500
1.693750
2.275000
2.265000
1.640000
2.047500
1.810000
1.227500
1.442500
1.487500
1.470000
1.467500
1.392500
1.365000
1.321250
1.250000
0.992500
0.910000
2.000000
1.000000
1.805000
1.700000
1.816250
-0.051684
1.001250
0.880000
0.782500
1.125000
1.088750
1.132500
1.465000
1.841250
2.245000
2.317500
2.015000
2.403750
2.118750
1.450000
1.350000
1.415000
1.458750
1.412500
1.372500
1.356250
1.308750
1.076250
0.927500
0.925000
2.000000
1.000000
1.817500
1.672500
1.777500
-0.051684
1.028750
0.877500
0.902500
1.122500
1.098750
1.115000
1.555000
2.018750
2.256250
2.326250
2.400000
2.535000
2.541250
2.081250
1.607500
1.302500
1.115000
1.412500
1.350000
1.320000
1.067500
0.948750
0.922500
0.927500
2.000000
1.000000
1.810000
1.666250
1.738750
-0.051684
0.922500
0.757500
0.890000
1.097500
1.100000
1.160000
1.611250
2.007500
2.127500
2.287500
2.277500
2.403750
2.582500
2.571250
2.098750
1.735000
1.083750
1.110000
1.317500
1.167500
1.060000
0.923750
0.951250
0.941250
2.000000
1.000000
1.778750
1.721250
-0.051684
-0.051684
0.907500
0.770000
1.060000
1.145000
1.126250
1.235000
1.656250
1.977500
2.125000
2.286250
2.232500
2.293750
2.502500
2.605000
2.648750
2.188750
1.726250
1.043750
1.026250
0.961250
0.923750
0.930000
0.937500
0.938750
2.000000
1.000000
1.737500
1.658750
-0.051684
-0.051684
0.853750
0.770000
1.226250
1.125000
1.161250
1.290000
1.672500
1.976250
1.995000
2.265000
2.235000
2.268750
2.300000
2.430000
2.376250
2.542500
2.166250
1.091250
0.982500
0.943750
0.925000
0.926250
0.932500
0.923750
2.000000
1.000000
1.758750
1.650000
-0.051684
-0.051684
0.808750
0.777500
0.797500
0.918750
1.065000
1.296250
1.792500
2.022500
2.123750
2.140000
2.170000
2.246250
2.042500
1.996250
2.127500
2.003750
1.796250
1.011250
0.960000
0.938750
0.935000
0.927500
0.932500
0.925000
2.000000
1.000000
1.761250
1.655000
-0.051684
-0.051684
0.821250
0.785000
0.785000
1.042500
1.070000
1.846250
1.885000
1.972500
2.060000
2.040000
2.062500
2.136250
1.941250
1.687500
1.780000
1.130000
1.032500
1.000000
0.955000
0.930000
0.948750
0.946250
0.932500
0.943750
2.000000
1.000000
1.805000
1.742500
-0.051684
-0.051684
0.810000
0.850000
0.775000
1.043750
1.146250
1.853750
1.885000
1.922500
1.860000
1.905000
1.947500
1.917500
1.621250
1.652500
1.206250
1.041250
1.018750
1.017500
0.962500
0.950000
0.952500
0.963750
0.941250
0.937500
2.000000
1.000000
1.741250
1.710000
-0.051684
0.916250
0.863750
0.860000
0.770000
1.105000
1.577500
1.835000
1.852500
1.817500
1.801250
1.762500
1.722500
1.673750
1.608750
1.571250
1.215000
1.042500
1.026250
1.058750
1.076250
0.987500
0.962500
0.981250
0.918750
0.931250
2.000000
1.000000
1.638750
-0.051684
-0.051684
0.925000
0.868750
0.898750
0.770000
1.182500
1.780000
1.810000
1.787500
1.801250
1.745000
1.713750
1.625000
1.645000
1.592500
1.508750
1.078750
1.020000
1.070000
1.082500
1.167500
0.955000
1.043750
1.041250
0.935000
0.927500
2.000000
1.000000
1.710000
-0.051684
-0.051684
0.956250
0.793750
1.017500
0.830000
1.360000
1.455000
1.816250
1.787500
1.808750
1.747500
1.668750
1.615000
1.590000
1.520000
1.421250
1.040000
1.080000
1.106250
1.033750
1.000000
0.963750
0.995000
1.007500
0.938750
0.930000
2.000000
1.000000
1.833750
-0.051684
-0.051684
0.901250
0.790000
0.862500
0.910000
1.453750
1.415000
1.871250
1.883750
1.811250
1.516250
1.661250
1.581250
1.510000
1.473750
1.362500
1.220000
1.136250
1.141250
1.007500
0.986250
0.981250
0.990000
0.998750
0.897500
0.913750
2.000000
1.000000
1.802500
-0.051684
-0.051684
0.815000
0.756250
0.815000
0.906250
1.462500
1.947500
1.918750
1.931250
1.845000
1.516250
1.370000
1.380000
1.143750
1.137500
1.053750
1.082500
1.105000
1.251250
1.010000
1.033750
0.976250
0.967500
1.015000
0.891250
0.908750
2.000000
1.000000
1.906250
-0.051684
-0.051684
0.762500
0.800000
0.772500
0.878750
1.507500
1.916250
1.927500
1.907500
1.840000
1.756250
1.340000
1.228750
1.157500
1.130000
1.068750
1.082500
1.097500
1.210000
1.012500
1.002500
0.970000
1.003750
0.978750
0.990000
1.006250
2.000000
1.000000
0.974158
-0.051684
1.027500
0.800000
0.800000
0.752500
0.987500
1.575000
1.952500
1.927500
1.822500
1.775000
1.696250
1.447500
1.192500
1.132500
1.171250
1.122500
1.145000
1.076250
1.040000
1.152500
1.080000
0.981250
1.036250
0.955000
0.956250
0.987500
2.000000
1.000000
0.974158
-0.051684
1.023750
0.800000
0.776250
0.766250
1.382500
1.122500
1.968750
1.921250
1.835000
1.775000
1.641250
1.526250
1.086250
1.062500
1.132500
1.121250
1.221250
1.112500
1.040000
1.147500
1.015000
0.956250
0.955000
0.948750
0.945000
0.945000
2.000000
1.000000
0.974158
-0.051684
1.002500
0.800000
0.770000
0.752500
0.901250
0.995000
1.951250
1.883750
1.770000
1.745000
1.656250
1.450000
1.078750
1.060000
1.131250
1.315000
1.310000
1.207500
1.057500
1.155000
1.000000
0.963750
0.965000
0.955000
0.926250
0.941250
2.000000
1.000000
0.974158
0.838750
0.966250
0.800000
0.800000
0.772500
0.863750
1.345000
1.871250
1.856250
1.753750
1.723750
1.670000
1.582500
1.348750
1.065000
1.332500
1.383750
1.316250
1.347500
1.107500
1.333750
1.188750
1.755000
1.602500
1.565000
1.093750
0.967500
2.000000
1.000000
0.974158
0.881250
0.860000
0.761250
0.757500
0.922500
0.800000
1.892500
1.848750
1.830000
1.783750
1.723750
1.735000
1.742500
1.611250
1.451250
1.327500
1.166250
1.172500
1.123750
1.105000
1.362500
1.870000
1.873750
1.857500
2.005000
2.027500
1.856250
2.000000
1.000000
0.974158
0.970000
0.760000
0.762500
0.800000
0.785000
0.760000
1.251250
1.907500
1.845000
1.803750
1.811250
1.757500
1.712500
1.706250
1.585000
1.282500
1.053750
1.073750
1.133750
1.627500
1.805000
1.848750
1.902500
1.916250
1.995000
2.041250
2.003750
2.000000
1.000000
0.974158
0.805000
0.800000
0.762500
0.893750
0.757500
0.800000
1.241250
1.911250
1.851250
1.815000
1.788750
1.743750
1.721250
1.697500
1.628750
1.535000
1.451250
1.530000
1.667500
1.705000
1.790000
1.847500
1.886250
1.910000
2.025000
2.000000
2.035000
2.000000
1.000000
0.974158
0.786250
0.785000
0.872500
0.972500
0.868750
0.780000
0.787500
1.867500
1.857500
1.808750
1.780000
1.802500
1.752500
1.672500
1.623750
1.607500
1.572500
1.367500
1.702500
1.743750
1.772500
1.917500
1.935000
1.938750
1.960000
2.033750
2.022500
2.000000
1.000000
0.974158
0.852500
0.762500
0.816250
0.836250
0.860000
0.760000
0.775000
1.835000
1.832500
1.830000
1.841250
1.818750
1.810000
1.665000
1.645000
1.597500
1.666250
1.653750
1.751250
1.768750
1.930000
2.042500
2.218750
2.207500
1.925000
2.132500
2.063750
2.000000
1.000000
0.974158
0.852500
0.768750
0.850000
0.820000
0.853750
0.797500
0.867500
1.791250
1.822500
1.836250
1.838750
1.802500
1.745000
1.662500
1.685000
1.758750
1.850000
1.861250
1.925000
2.095000
2.206250
2.342500
2.446250
2.435000
2.315000
2.265000
2.145000
2.000000
1.000000
0.974158
0.882500
0.825000
0.825000
0.875000
0.752500
0.795000
0.797500
1.773750
1.821250
1.855000
1.872500
1.833750
1.830000
1.883750
1.905000
2.043750
2.077500
2.167500
2.060000
2.076250
2.157500
2.367500
2.387500
2.425000
2.487500
2.407500
2.467500
2.076250
1.000000
0.974158
-0.051684
0.756250
0.800000
0.980000
0.800000
0.810000
0.797500
1.800000
1.823750
1.825000
1.856250
1.852500
2.122500
2.082500
2.102500
2.123750
2.032500
2.060000
2.115000
2.092500
2.143750
2.408750
2.243750
2.322500
2.368750
2.525000
2.668750
2.287500
1.000000
1.653750
-0.051684
0.781250
0.886250
0.842500
0.763750
0.800000
0.877500
1.401250
1.795000
1.740000
1.847500
1.987500
2.043750
2.051250
2.047500
2.048750
2.035000
2.052500
2.043750
2.195000
2.173750
2.250000
2.220000
2.247500
2.193750
2.305000
2.510000
2.330000
1.000000
2.000000
-0.051684
0.902500
0.852500
0.936250
0.777500
0.800000
0.840000
0.965000
1.795000
1.770000
1.955000
2.098750
2.060000
2.053750
2.106250
2.060000
2.057500
2.065000
2.040000
2.120000
2.066250
2.163750
2.265000
2.147500
2.068750
2.145000
2.317500
2.227500
1.000000
2.000000
-0.051684
-0.051684
0.830000
0.900000
0.892500
0.800000
0.800000
0.925000
1.775000
1.871250
1.991250
2.047500
2.010000
1.977500
2.097500
2.067500
2.082500
2.100000
2.108750
2.132500
2.072500
2.101250
2.165000
2.147500
2.045000
2.140000
2.247500
2.150000
1.000000
2.015000
0.871250
-0.051684
0.843750
0.800000
0.800000
0.855000
0.800000
0.936250
1.786250
1.872500
2.002500
2.065000
2.057500
2.020000
2.133750
2.112500
2.086250
2.120000
2.107500
2.105000
2.098750
2.100000
2.176250
2.150000
2.192500
2.280000
2.160000
2.128750
1.000000
2.000000
1.975000
-0.051684
0.762500
0.800000
0.822500
0.817500
0.800000
1.028750
1.385000
1.815000
2.000000
1.973750
2.030000
2.055000
2.077500
2.117500
2.120000
2.130000
2.152500
2.125000
2.111250
2.167500
2.195000
2.190000
2.118750
2.233750
2.092500
2.066250
1.000000
2.033750
2.036250
-0.051684
0.810000
0.782500
0.981250
0.800000
0.925000
0.873750
1.272500
1.781250
1.955000
2.031250
2.030000
2.038750
2.017500
2.062500
2.127500
2.086250
2.075000
2.125000
2.202500
2.177500
2.240000
2.205000
2.255000
2.267500
2.045000
2.048750
1.000000
2.047500
2.051250
-0.051684
0.896250
0.767500
1.040000
0.800000
0.787500
0.822500
1.261250
1.790000
1.920000
1.997500
2.033750
2.037500
2.013750
2.082500
2.107500
2.113750
2.151250
2.127500
2.138750
2.155000
2.243750
2.210000
2.247500
2.232500
2.043750
2.037500
1.000000
2.000000
1.998750
-0.051684
-0.051684
0.753750
0.890000
0.800000
0.800000
0.882500
1.261250
1.610000
1.905000
1.970000
2.052500
2.030000
2.032500
2.120000
2.106250
2.073750
2.132500
2.192500
2.167500
2.162500
2.207500
2.200000
2.242500
2.177500
2.288750
2.037500
1.000000
2.007500
2.000000
1.007500
-0.051684
0.800000
0.937500
0.800000
0.800000
0.855000
0.910000
1.505000
1.850000
1.950000
2.021250
2.042500
2.106250
2.121250
2.125000
2.072500
2.157500
2.192500
2.165000
2.138750
2.183750
2.203750
2.198750
2.161250
2.270000
2.058750
1.000000
2.030000
1.997500
1.888750
-0.051684
0.772500
0.796250
0.996250
0.800000
0.800000
0.925000
1.448750
1.737500
1.936250
2.021250
2.070000
2.118750
2.111250
2.142500
2.152500
2.183750
2.207500
2.158750
2.162500
2.195000
2.220000
2.187500
2.236250
2.227500
2.025000
1.000000
2.011250
2.002500
1.911250
-0.051684
-0.051684
0.792500
0.951250
0.800000
0.800000
0.941250
0.828750
1.516250
1.895000
2.010000
2.030000
2.130000
2.126250
2.170000
2.161250
2.187500
2.147500
2.157500
2.202500
2.172500
2.173750
2.165000
2.210000
2.161250
2.006250
1.000000
2.020000
1.982500
1.946250
1.920000
-0.051684
0.940000
0.967500
0.843750
0.800000
0.846250
0.877500
1.332500
1.753750
1.712500
1.805000
2.095000
2.142500
2.160000
2.192500
2.195000
2.147500
2.200000
2.157500
2.121250
2.155000
2.166250
2.120000
2.122500
2.003750
1.000000
2.000000
1.991250
1.947500
1.997500
-0.051684
-0.051684
0.808750
0.795000
0.800000
0.852500
0.843750
0.810000
0.800000
1.712500
1.940000
2.007500
2.100000
2.155000
2.135000
2.192500
2.147500
2.178750
2.147500
2.126250
2.180000
2.185000
2.172500
2.206250
2.003750
1.000000
2.000000
1.987500
1.997500
2.040000
2.025000
-0.051684
0.847500
0.800000
0.783750
0.778750
0.860000
0.805000
0.807500
1.443750
1.921250
2.082500
1.922500
2.147500
2.122500
2.180000
2.186250
2.165000
2.150000
2.160000
2.217500
2.105000
2.161250
2.197500
2.013750
1.000000
2.000000
1.985000
1.982500
1.978750
2.022500
-0.051684
-0.051684
0.862500
0.780000
0.762500
0.836250
0.893750
0.933750
1.275000
1.900000
2.125000
2.021250
2.152500
2.187500
2.190000
2.210000
2.196250
2.125000
2.127500
2.140000
2.105000
2.197500
2.238750
2.092500
1.000000
2.000000
1.992500
1.980000
1.990000
1.967500
1.748750
-0.051684
0.873750
0.780000
0.800000
0.792500
0.900000
1.210000
1.685000
1.906250
2.040000
2.107500
2.163750
2.111250
2.120000
2.175000
2.145000
2.168750
2.131250
2.107500
2.168750
2.171250
2.232500
2.080000
1.000000
2.000000
1.975000
1.967500
1.966250
1.975000
1.977500
-0.051684
-0.051684
0.788750
0.800000
0.800000
0.827500
0.802500
0.861250
1.882500
2.003750
2.017500
1.940000
2.168750
2.161250
2.165000
2.152500
2.173750
2.177500
2.077500
2.147500
2.190000
2.223750
2.068750
1.000000
2.000000
1.981250
1.956250
1.962500
1.975000
1.991250
1.940000
-0.051684
0.891250
0.768750
0.752500
0.792500
0.802500
0.803750
1.037500
2.017500
1.875000
1.948750
1.957500
2.120000
2.165000
2.171250
2.135000
2.087500
2.176250
2.105000
2.135000
2.170000
2.055000
1.000000
2.000000
1.917500
1.950000
1.906250
2.007500
2.036250
2.070000
-0.051684
-0.051684
0.753750
0.791250
0.800000
0.772500
0.803750
0.827500
1.990000
1.865000
1.941250
1.946250
2.075000
2.067500
2.148750
1.943750
1.977500
2.108750
2.050000
2.102500
2.093750
2.000000
1.000000
1.976250
1.843750
1.976250
1.978750
2.030000
2.031250
2.083750
-0.051684
-0.051684
0.765000
0.835000
0.777500
0.770000
0.813750
0.812500
1.951250
2.006250
1.942500
1.977500
2.002500
2.006250
2.115000
1.978750
2.133750
2.105000
2.061250
2.090000
2.038750
2.000000
1.000000
1.916250
1.887500
1.987500
2.006250
2.012500
2.102500
2.121250
1.445000
-0.051684
0.885000
0.760000
0.775000
0.767500
0.756250
0.807500
0.960000
1.875000
1.927500
2.062500
1.965000
1.967500
2.035000
1.971250
2.110000
2.116250
2.043750
2.062500
2.030000
2.000000
1.000000
1.882500
1.907500
2.051250
1.992500
2.050000
2.065000
2.157500
1.656250
-0.051684
-0.051684
0.830000
0.775000
0.767500
0.766250
0.820000
0.960000
1.990000
1.933750
1.905000
1.901250
2.017500
2.045000
2.048750
2.072500
2.075000
2.010000
1.922500
1.687500
2.000000
1.000000
1.815000
1.838750
1.938750
2.021250
2.058750
2.063750
2.095000
1.616250
-0.051684
-0.051684
-0.051684
0.793750
0.831250
0.793750
0.812500
1.630000
2.033750
1.933750
1.915000
1.912500
2.070000
2.087500
2.060000
2.035000
2.000000
1.920000
1.661250
1.072500
2.000000
1.000000
1.588750
1.722500
1.982500
2.093750
2.073750
2.072500
2.082500
-0.051684
-0.051684
-0.051684
-0.051684
0.862500
0.815000
0.816250
0.815000
1.622500
2.003750
1.968750
1.887500
1.837500
1.890000
2.068750
1.977500
1.918750
1.962500
1.691250
1.058750
1.047500
2.000000
1.000000
1.380000
1.432500
2.006250
2.015000
2.095000
2.080000
2.120000
-0.051684
-0.051684
-0.051684
-0.051684
0.780000
0.930000
0.827500
0.803750
1.727500
1.947500
1.873750
1.911250
2.015000
1.933750
2.008750
1.695000
1.717500
1.050000
1.055000
1.055000
1.077500
2.000000
1.000000
0.974158
0.880000
1.857500
2.010000
2.045000
2.066250
1.891250
-0.051684
-0.051684
-0.051684
-0.051684
-0.051684
0.917500
0.950000
0.835000
1.693750
1.877500
1.876250
1.975000
1.770000
2.010000
1.886250
1.172500
1.051250
1.035000
1.032500
1.058750
1.120000
2.000000
1.000000
0.974158
0.835000
1.755000
2.090000
2.078750
2.100000
-0.051684
-0.051684
-0.051684
-0.051684
-0.051684
-0.051684
-0.051684
0.972500
0.888750
1.772500
1.872500
2.070000
1.971250
1.543750
1.142500
1.033750
1.040000
1.052500
1.041250
1.048750
1.285000
1.066250
2.000000
1.000000
0.974158
0.907500
1.777500
2.100000
2.170000
2.123750
-0.051684
-0.051684
-0.051684
-0.051684
-0.051684
-0.051684
-0.051684
0.931250
0.942500
1.805000
1.895000
2.046250
1.997500
1.207500
1.062500
1.032500
1.045000
1.045000
1.080000
1.236250
1.061250
0.850000
2.000000
1.000000
0.756250
0.815000
1.865000
2.032500
2.100000
-0.051684
-0.051684
-0.051684
-0.051684
-0.051684
-0.051684
-0.051684
-0.051684
-0.051684
0.852500
1.817500
1.926250
2.026250
1.921250
1.177500
1.066250
1.073750
1.067500
1.045000
1.138750
0.845000
0.812500
0.817500
0.952500
0.800000
0.756250
0.785000
0.897500
0.978750
0.991250
-0.051684
-0.051684
-0.051684
-0.051684
-0.051684
-0.051684
-0.051684
-0.051684
-0.051684
0.830000
0.888750
0.946250
0.981250
0.913750
0.800000
0.800000
0.800000
0.800000
0.800000
0.800000
0.800000
0.800000
0.800000
0.800000
0.800000
