2.000000
0.800000
0.800000
0.800000
0.800000
0.758750
0.771250
0.762500
0.826250
0.772500
0.866250
-0.051684
0.993750
0.812500
-0.051684
1.012500
0.830000
0.783469
0.800000
0.800000
0.960000
0.800000
0.800000
0.750000
0.775000
0.785000
0.800000
0.765000
0.840000
2.000000
2.000000
0.765000
0.800000
0.800000
0.777500
0.800000
0.780000
0.800000
0.787500
0.775000
0.800000
-0.051684
-0.051684
0.807500
-0.051684
0.912500
0.867500
0.788750
0.800000
0.800000
0.838750
0.785000
0.757500
0.768750
0.758750
0.771250
0.752500
0.816250
0.840000
2.000000
2.000000
0.800000
0.788750
0.800000
0.800000
0.781250
0.800000
0.787500
0.800000
0.800000
0.767500
0.772500
-0.051684
-0.051684
0.782500
0.903750
0.806250
0.851250
0.795000
0.752500
0.915000
0.797500
0.802500
0.795000
0.800000
0.862500
0.813750
0.795000
0.825000
2.000000
2.000000
0.800000
0.786250
0.800000
0.765000
0.771250
0.757500
0.767500
0.800000
0.765000
0.800000
0.800000
0.760000
-0.051684
-0.051684
0.930000
0.826250
0.951250
0.763750
0.785000
0.766250
0.776250
0.785000
0.941250
0.751250
0.751250
0.805000
0.777500
0.836250
2.000000
2.000000
0.800000
0.750000
0.800000
0.800000
0.800000
0.807500
0.800000
0.800000
0.780000
0.800000
0.765000
0.800000
1.070000
-0.051684
0.766250
0.818750
0.755000
0.752500
0.800000
0.761250
0.810000
0.802500
0.757500
0.836250
0.752500
0.901250
1.322500
0.802500
2.000000
2.000000
0.793750
0.780000
0.800000
0.800000
0.800000
0.800000
0.775000
0.763750
0.773750
0.800000
0.760000
0.762500
0.880000
-0.051684
-0.051684
0.752500
0.756250
0.800000
0.755000
0.762500
0.825000
0.775000
0.800000
0.785000
0.751250
0.810000
0.861250
0.788750
2.000000
2.000000
0.786250
0.800000
0.775000
0.800000
0.755000
0.761250
-0.051684
-0.051684
0.845000
0.756250
0.816250
-0.051684
-0.051684
-0.051684
-0.051684
0.925000
0.766250
0.800000
0.800000
0.800000
0.805000
0.805000
0.800000
0.767500
0.800000
0.800000
0.762500
0.800000
2.000000
2.000000
0.800000
0.800000
0.800000
0.805000
0.770000
-0.051684
-0.051684
-0.051684
-0.051684
-0.051684
-0.051684
-0.051684
-0.051684
-0.051684
-0.051684
-0.051684
0.941250
0.800000
0.876250
0.751250
0.800000
0.766250
0.775000
0.751250
0.800000
0.800000
0.800000
0.775000
2.000000
2.000000
0.800000
0.800000
0.763750
0.943750
-0.051684
-0.051684
0.813750
0.800000
0.787500
-0.051684
-0.051684
-0.051684
-0.051684
0.758750
0.923750
-0.051684
0.840000
0.800000
0.750000
0.782500
0.800000
0.801250
0.818750
0.757500
0.800000
0.767500
0.753750
0.811250
2.000000
2.000000
0.800000
0.785000
0.843750
-0.051684
-0.051684
0.823750
0.823750
0.800000
-0.051684
0.755000
-0.051684
-0.051684
0.987500
0.800000
-0.051684
-0.051684
0.798750
0.800000
0.800000
0.810000
0.787500
0.810000
0.820000
0.881250
0.757500
0.752500
0.773750
0.795000
2.000000
2.000000
0.777500
0.825000
-0.051684
-0.051684
-0.051684
-0.051684
-0.051684
-0.051684
-0.051684
-0.051684
-0.051684
-0.051684
1.303750
-0.051684
-0.051684
0.893750
0.863750
0.762500
0.800000
0.750000
0.768750
0.805000
0.805000
0.772500
0.812500
0.761250
0.811250
0.795000
2.000000
2.000000
0.860000
-0.051684
-0.051684
0.880000
0.776250
0.780000
-0.051684
-0.051684
-0.051684
-0.051684
-0.051684
0.948750
0.975000
-0.051684
0.808750
0.962500
0.868750
0.855000
0.752500
0.800000
0.772500
0.805000
0.877500
0.750000
0.777500
0.781250
0.803750
0.920000
2.000000
2.000000
-0.051684
-0.051684
0.766250
0.871250
0.776250
-0.051684
-0.051684
-0.051684
0.875000
0.783750
0.782500
1.197500
-0.051684
0.826250
0.778750
1.636250
2.058750
1.940000
0.958750
0.752500
0.800000
0.756250
0.750000
0.761250
0.775000
0.840000
0.870000
1.791250
2.000000
2.000000
-0.051684
0.800000
0.782500
0.785000
0.821250
-0.051684
-0.051684
-0.051684
-0.051684
1.080000
1.267500
1.225000
-0.051684
0.860000
0.793750
1.516250
1.775000
2.098750
2.065000
1.195000
0.785000
0.750000
0.772500
0.817500
0.828750
0.858750
0.891250
1.845000
2.000000
2.000000
0.867500
0.800000
0.831250
-0.051684
-0.051684
-0.051684
-0.051684
-0.051684
0.762500
-0.051684
1.333750
1.288750
-0.051684
0.865000
0.775000
1.457500
1.666250
1.861250
1.897500
1.883750
1.850000
1.015000
0.813750
0.813750
0.843750
0.882500
0.873750
1.671250
2.000000
2.000000
0.895000
0.942500
0.907500
0.882500
-0.051684
-0.051684
-0.051684
-0.051684
-0.051684
-0.051684
1.350000
1.392500
-0.051684
0.780000
0.787500
0.980000
1.602500
1.732500
1.693750
1.665000
1.670000
1.597500
1.277500
0.886250
0.926250
1.351250
1.533750
1.492500
2.000000
2.000000
0.800000
0.782500
0.823750
0.827500
-0.051684
-0.051684
-0.051684
-0.051684
-0.051684
-0.051684
-0.051684
1.445000
0.882500
0.802500
0.785000
0.782500
1.388750
1.621250
1.636250
1.495000
1.427500
1.410000
1.320000
1.332500
1.310000
1.356250
1.470000
1.527500
2.000000
2.000000
0.907500
0.857500
0.940000
0.912500
0.840000
0.827500
-0.051684
-0.051684
-0.051684
-0.051684
-0.051684
1.372500
-0.051684
0.805000
0.791250
0.785000
0.980000
1.377500
1.501250
1.493750
1.345000
1.258750
1.255000
1.297500
1.263750
1.347500
1.372500
1.482500
2.000000
2.000000
1.100000
0.962500
0.930000
0.800000
0.767500
1.042500
0.760000
0.765000
-0.051684
-0.051684
-0.051684
1.430000
-0.051684
0.842500
0.787500
0.788750
1.085000
1.151250
1.335000
1.332500
1.451250
1.298750
1.230000
1.357500
1.296250
1.357500
1.385000
1.387500
2.000000
2.000000
1.036250
0.863750
0.896250
0.787500
0.802500
1.016250
0.770000
0.790000
0.760000
-0.051684
-0.051684
-0.051684
1.286250
-0.051684
0.888750
0.782500
0.797500
0.817500
0.907500
1.217500
1.472500
1.393750
1.396250
1.385000
1.310000
1.311250
1.416250
1.473750
2.000000
2.000000
0.918750
0.896250
0.800000
0.800000
0.800000
0.875000
0.777500
0.757500
0.802500
-0.051684
-0.051684
-0.051684
-0.051684
-0.051684
-0.051684
0.818750
0.775000
0.787500
0.891250
0.860000
0.923750
1.355000
1.396250
1.372500
1.297500
1.362500
1.416250
1.525000
2.000000
2.000000
0.895000
0.787500
0.800000
0.800000
0.758750
0.800000
0.800000
0.770000
0.782500
0.782500
0.770000
-0.051684
-0.051684
-0.051684
-0.051684
-0.051684
-0.051684
0.781250
0.822500
0.825000
0.867500
0.920000
0.926250
1.348750
1.337500
1.307500
1.486250
1.515000
2.000000
2.000000
0.843750
0.773750
0.800000
0.762500
0.800000
0.800000
0.770000
0.800000
0.800000
0.800000
0.800000
0.822500
0.777500
-0.051684
-0.051684
-0.051684
-0.051684
-0.051684
-0.051684
-0.051684
-0.051684
-0.051684
-0.051684
1.130000
1.357500
1.247500
1.472500
1.477500
2.000000
2.000000
0.810000
0.768750
0.800000
0.791250
0.847500
0.847500
0.886250
0.800000
0.800000
0.800000
0.800000
0.902500
0.817500
-0.051684
-0.051684
0.760000
1.170000
0.830000
-0.051684
-0.051684
-0.051684
-0.051684
-0.051684
1.118750
1.296250
1.247500
1.333750
1.466250
2.000000
2.000000
0.820000
0.775000
0.797500
0.887500
0.887500
0.845000
-0.051684
0.800000
0.757500
0.800000
0.800000
0.852500
0.822500
-0.051684
-0.051684
1.111250
1.231250
1.257500
1.266250
0.806250
-0.051684
-0.051684
0.800000
1.073750
1.165000
1.331250
1.468750
1.533750
2.000000
2.000000
0.805000
0.787500
0.798750
0.750000
0.923750
-0.051684
-0.051684
-0.051684
-0.051684
0.800000
0.800000
0.800000
0.816250
-0.051684
-0.051684
1.168750
0.832500
0.855000
-0.051684
-0.051684
-0.051684
0.788750
-0.051684
1.081250
1.188750
1.362500
1.495000
1.521250
2.000000
2.000000
0.870000
0.800000
0.800000
0.800000
0.843750
-0.051684
-0.051684
-0.051684
-0.051684
-0.051684
-0.051684
-0.051684
-0.051684
-0.051684
-0.051684
-0.051684
-0.051684
-0.051684
-0.051684
-0.051684
-0.051684
-0.051684
-0.051684
1.235000
1.295000
1.365000
1.423750
1.507500
2.000000
2.000000
0.800000
0.800000
0.771250
0.757500
0.866250
-0.051684
-0.051684
-0.051684
0.758750
-0.051684
-0.051684
-0.051684
-0.051684
-0.051684
-0.051684
-0.051684
-0.051684
-0.051684
-0.051684
-0.051684
0.932500
-0.051684
1.100000
1.136250
1.160000
1.390000
1.442500
1.511250
2.000000
2.000000
0.772500
0.800000
0.851250
0.991250
0.776250
0.800000
0.783750
-0.051684
-0.051684
-0.051684
-0.051684
0.750000
-0.051684
-0.051684
-0.051684
-0.051684
-0.051684
-0.051684
-0.051684
0.763750
-0.051684
-0.051684
1.120000
1.152500
1.186250
1.463750
1.506250
1.535000
2.000000
2.000000
1.717500
0.753750
0.800000
0.866250
0.800000
0.800000
0.771250
0.760000
-0.051684
0.778750
0.792500
-0.051684
-0.051684
0.767500
-0.051684
-0.051684
-0.051684
-0.051684
-0.051684
-0.051684
-0.051684
1.152500
1.232500
1.290000
1.347500
1.496250
1.361250
1.586250
2.000000
2.000000
1.493750
0.852500
0.763750
0.920000
0.800000
0.800000
0.830000
0.762500
0.800000
0.800000
0.771250
-0.051684
-0.051684
0.843750
-0.051684
-0.051684
-0.051684
0.783750
-0.051684
-0.051684
0.906250
0.922500
0.878750
-0.051684
-0.051684
-0.051684
-0.051684
1.592500
2.000000
2.000000
0.765000
0.800000
0.812500
0.851250
0.800000
0.862500
0.800000
0.800000
0.800000
0.793750
0.750000
0.877500
0.778750
0.770000
-0.051684
-0.051684
0.821250
-0.051684
-0.051684
0.938750
0.897500
-0.051684
-0.051684
-0.051684
0.750000
0.750000
0.762500
-0.051684
2.000000
2.000000
0.800000
0.800000
0.785000
0.833750
0.800000
0.777500
0.800000
0.772500
0.785000
0.772500
0.876250
-0.051684
-0.051684
-0.051684
-0.051684
-0.051684
0.845000
-0.051684
1.037500
0.950000
-0.051684
-0.051684
0.981250
0.750000
0.750000
0.750000
0.750000
1.215000
2.000000
2.000000
0.763750
0.800000
0.800000
0.760000
0.890000
0.800000
0.800000
0.800000
0.800000
0.787500
0.785000
-0.051684
-0.051684
-0.051684
-0.051684
-0.051684
0.770000
-0.051684
-0.051684
-0.051684
-0.051684
0.871250
0.852500
0.750000
0.780000
0.766250
0.752500
-0.051684
2.000000
2.000000
0.862500
0.770000
0.800000
0.762500
0.835000
0.800000
0.800000
0.800000
0.800000
0.800000
0.800000
0.821250
-0.051684
-0.051684
-0.051684
-0.051684
0.755000
-0.051684
-0.051684
-0.051684
0.786250
0.778750
0.795000
0.800000
0.752500
1.020000
-0.051684
-0.051684
2.000000
2.000000
0.785000
0.800000
0.800000
0.777500
0.803750
0.800000
0.800000
0.800000
0.776250
0.800000
0.800000
0.850000
-0.051684
-0.051684
0.773750
0.767500
0.765000
0.766250
0.800000
0.800000
0.800000
0.800000
0.800000
0.800000
0.751250
-0.051684
-0.051684
1.685000
2.000000
2.000000
0.800000
0.800000
0.800000
0.800000
0.770000
0.760000
0.767500
0.800000
0.768750
0.800000
0.800000
0.750000
0.791250
0.760000
0.750000
0.800000
0.757500
0.780000
0.800000
0.800000
0.800000
0.800000
0.800000
0.752500
0.798750
-0.051684
1.773750
1.642500
2.000000
2.000000
0.800000
0.800000
0.800000
0.800000
0.760000
0.800000
0.777500
0.800000
0.800000
0.800000
0.800000
0.755000
0.756250
0.756250
0.765000
0.800000
0.800000
0.786250
0.800000
0.800000
0.800000
0.800000
0.800000
1.045000
-0.051684
1.581250
1.705000
1.585000
2.000000
2.000000
0.800000
0.800000
0.800000
0.790000
0.785000
0.770000
0.800000
0.800000
0.800000
0.757500
0.800000
0.800000
0.750000
0.767500
0.782500
0.770000
0.761250
0.762500
0.800000
0.800000
0.800000
0.800000
0.755000
-0.051684
-0.051684
1.797500
1.680000
1.542500
2.000000
2.000000
0.800000
0.800000
0.800000
0.800000
0.757500
0.755000
0.800000
0.800000
0.755000
0.800000
0.831250
0.800000
0.752500
0.800000
0.802500
0.752500
0.810000
0.760000
0.800000
0.800000
0.800000
0.800000
1.226250
-0.051684
1.745000
1.733750
1.637500
1.615000
2.000000
2.000000
0.785000
0.760000
0.800000
0.777500
0.758750
0.800000
0.800000
0.800000
0.800000
0.761250
0.805000
0.795000
0.800000
0.800000
0.823750
0.760000
0.800000
0.800000
0.800000
0.800000
0.800000
0.798750
-0.051684
-0.051684
1.773750
1.665000
1.673750
1.687500
2.000000
2.000000
1.626250
0.880000
0.771250
0.783750
0.765000
0.762500
0.767500
0.800000
0.800000
0.777500
0.776250
0.766250
0.800000
0.825000
0.790000
0.800000
0.800000
0.800000
0.800000
0.800000
0.800000
1.176250
-0.051684
1.635000
1.685000
1.595000
1.743750
1.677500
2.000000
2.000000
1.447500
1.123750
0.986250
0.775000
1.250000
0.767500
0.800000
0.752500
0.780000
0.751250
0.800000
0.780000
0.800000
0.790000
0.800000
0.800000
0.800000
0.800000
0.795000
0.780000
0.800000
-0.051684
-0.051684
1.717500
1.627500
1.696250
1.700000
1.631250
2.000000
2.000000
0.948750
1.106250
0.800000
0.800000
0.970000
1.312500
0.800000
0.792500
0.800000
0.782500
0.800000
0.887500
0.782500
0.800000
0.800000
0.800000
0.756250
0.767500
0.867500
0.800000
0.858750
-0.051684
1.356250
1.777500
1.625000
1.671250
1.677500
1.602500
2.000000
2.000000
0.930000
0.950000
0.800000
0.800000
0.796912
1.557500
0.800000
0.822500
0.755000
0.787500
0.800000
0.803750
0.800000
0.800000
0.800000
0.842500
0.810000
0.755000
0.777500
0.761250
-0.051684
-0.051684
1.780000
1.662500
1.700000
1.737500
1.503750
1.380000
2.000000
2.000000
0.907500
0.938750
0.977500
0.800000
0.797500
1.646250
0.780000
0.800000
0.800000
0.800000
0.800000
0.787500
0.800000
0.800000
0.800000
0.760000
0.776250
0.800000
0.760000
0.983750
-0.051684
1.043750
1.770000
1.690000
1.716250
1.746250
1.438750
1.368750
2.000000
2.000000
0.968750
0.960000
0.957500
0.951250
0.916250
1.770000
0.898750
0.800000
0.800000
0.800000
0.800000
0.800000
0.763750
0.800000
0.757500
0.782500
0.762500
0.822500
1.380000
1.541250
-0.051684
1.822500
1.682500
1.800000
1.772500
1.795000
1.443750
1.372500
2.000000
2.000000
0.965000
0.966250
0.923750
0.920000
0.923750
1.838750
1.670000
0.777500
0.755000
0.752500
0.771250
0.823750
1.342500
1.455000
1.403750
1.491250
1.423750
1.423750
1.453750
-0.051684
-0.051684
1.790000
1.837500
1.855000
1.788750
1.770000
1.468750
1.377500
2.000000
2.000000
0.905000
0.897500
0.905000
0.936250
0.921250
1.693750
1.853750
1.820000
1.035000
0.816250
0.978750
1.336250
1.390000
1.307500
1.290000
1.432500
1.345000
1.428750
1.020000
-0.051684
1.797500
1.816250
1.871250
1.860000
1.843750
1.627500
1.642500
1.380000
2.000000
2.000000
0.977500
0.940000
0.925000
0.955000
1.467500
1.677500
1.678750
1.722500
1.687500
1.422500
1.388750
1.450000
1.390000
1.318750
1.278750
1.047500
1.047500
1.092500
-0.051684
-0.051684
1.847500
1.870000
1.901250
1.892500
1.567500
1.566250
1.726250
1.368750
2.000000
2.000000
0.980000
0.947500
0.941250
1.402500
1.613750
1.647500
1.618750
1.621250
1.605000
1.478750
1.447500
1.517500
1.428750
1.472500
1.188750
1.052500
1.053750
-0.051684
-0.051684
1.838750
1.811250
1.872500
1.878750
1.810000
1.548750
1.841250
1.787500
1.370000
2.000000
2.000000
0.952500
0.917500
0.940000
1.407500
1.560000
1.597500
1.623750
1.701250
1.640000
1.662500
1.182500
1.533750
1.045000
1.021250
0.985000
-0.051684
-0.051684
-0.051684
1.645000
1.657500
1.840000
1.845000
1.842500
1.792500
1.792500
1.778750
1.761250
1.690000
2.000000
2.000000
0.880000
0.918750
1.158750
1.426250
1.581250
1.596250
1.690000
1.780000
1.788750
1.722500
-0.051684
-0.051684
-0.051684
-0.051684
-0.051684
-0.051684
-0.051684
1.345000
1.638750
1.841250
1.790000
1.826250
1.767500
1.750000
1.735000
1.717500
1.706250
1.677500
2.000000
2.000000
0.913750
1.630000
1.507500
1.422500
1.542500
1.751250
1.767500
1.770000
1.746250
-0.051684
-0.051684
-0.051684
-0.051684
-0.051684
-0.051684
-0.051684
1.315000
1.637500
1.892500
1.865000
1.851250
1.770000
1.753750
1.662500
1.682500
1.697500
1.635000
1.617500
2.000000
2.000000
0.963750
1.790000
1.465000
1.416250
1.511250
1.831250
1.712500
1.703750
-0.051684
-0.051684
-0.051684
-0.051684
0.882500
0.882500
1.621250
1.606250
1.762500
1.770000
1.815000
1.805000
1.765000
1.686250
1.701250
1.676250
1.630000
1.650000
1.595000
1.590000
2.000000
2.000000
1.646250
1.750000
1.643750
1.436250
1.768750
1.825000
1.695000
-0.051684
-0.051684
0.845000
0.865000
0.878750
0.878750
0.881250
1.512500
1.720000
1.715000
1.741250
1.763750
1.791250
1.758750
1.667500
1.657500
1.642500
1.603750
1.615000
1.520000
1.501250
2.000000
2.000000
1.707500
1.788750
1.700000
1.816250
1.725000
1.748750
-0.051684
-0.051684
-0.051684
0.890000
0.907500
0.875000
0.877500
1.470000
1.482500
1.651250
1.740000
1.718750
1.747500
1.743750
1.760000
1.647500
1.635000
1.625000
1.590000
1.567500
1.511250
1.485000
2.000000
2.000000
1.782500
1.792500
1.787500
1.755000
1.795000
-0.051684
-0.051684
-0.051684
0.905000
0.923750
0.883750
0.887500
0.921250
1.456250
1.486250
1.703750
1.733750
1.703750
1.702500
1.721250
1.678750
1.635000
1.625000
1.571250
1.568750
1.536250
1.490000
1.415000
2.000000
2.000000
1.772500
1.772500
1.772500
1.768750
1.725000
-0.051684
-0.051684
0.902500
0.840000
0.843750
0.952500
0.981250
1.063750
1.165000
1.562500
1.625000
1.648750
1.695000
1.713750
1.705000
1.678750
1.653750
1.613750
1.540000
1.465000
1.022500
1.406250
1.307500
2.000000
2.000000
1.825000
1.827500
1.785000
1.775000
-0.051684
-0.051684
0.875000
0.887500
0.847500
0.982500
1.000000
1.126250
1.117500
1.156250
1.588750
1.625000
1.655000
1.665000
1.692500
1.641250
1.658750
1.601250
1.552500
1.467500
1.427500
1.022500
1.127500
1.285000
2.000000
2.000000
1.788750
1.780000
1.816250
1.353750
-0.051684
-0.051684
0.815000
0.857500
0.947500
1.032500
1.016250
1.052500
1.130000
1.585000
1.626250
1.670000
1.666250
1.693750
1.655000
1.596250
1.610000
1.572500
1.547500
1.502500
1.130000
1.116250
1.136250
1.351250
2.000000
2.000000
1.713750
1.793750
1.813750
-0.051684
-0.051684
0.865000
0.810000
0.832500
1.012500
1.000000
1.028750
1.068750
1.171250
1.698750
1.727500
1.691250
1.690000
1.627500
1.650000
1.568750
1.608750
1.613750
1.532500
1.507500
1.113750
1.282500
1.291250
1.310000
2.000000
2.000000
1.732500
1.807500
1.876250
-0.051684
-0.051684
0.825000
0.796250
0.855000
1.000000
0.996250
1.023750
1.080000
1.145000
1.810000
1.817500
1.712500
1.681250
1.625000
1.617500
1.640000
1.627500
1.570000
1.538750
1.475000
1.168750
1.227500
1.182500
1.361250
2.000000
2.000000
1.731250
1.817500
1.877500
-0.051684
0.917500
0.805000
0.795000
1.008750
1.021250
1.045000
1.071250
1.238750
1.915000
1.883750
1.786250
1.727500
1.657500
1.676250
1.578750
1.613750
1.610000
1.586250
1.558750
1.450000
1.245000
1.343750
1.262500
1.288750
2.000000
2.000000
1.695000
1.785000
1.801250
-0.051684
0.958750
0.867500
0.817500
1.028750
1.042500
1.046250
1.097500
1.256250
1.692500
1.966250
1.852500
1.712500
1.663750
1.647500
1.590000
1.613750
1.596250
1.542500
1.555000
1.407500
1.311250
1.346250
1.353750
1.340000
2.000000
2.000000
1.703750
1.763750
1.811250
-0.051684
0.925000
0.823750
0.795000
1.026250
1.042500
1.070000
1.153750
1.590000
1.743750
2.078750
1.970000
1.792500
1.697500
1.606250
1.620000
1.582500
1.563750
1.538750
1.490000
1.402500
1.382500
1.402500
1.395000
0.956250
2.000000
2.000000
1.640000
1.785000
1.805000
-0.051684
0.987500
0.818750
0.801250
1.027500
1.070000
1.088750
1.248750
1.851250
2.145000
2.382500
2.075000
1.905000
1.652500
1.527500
1.533750
1.553750
1.540000
1.472500
1.438750
1.377500
1.352500
1.266250
1.016250
0.937500
2.000000
2.000000
1.625000
1.757500
1.800000
-0.051684
0.960000
0.901250
0.838750
1.057500
1.108750
1.232500
1.131250
1.911250
2.302500
2.201250
1.656250
2.002500
1.795000
1.215000
1.492500
1.493750
1.495000
1.452500
1.387500
1.347500
1.308750
1.241250
0.987500
0.920000
2.000000
2.000000
1.577500
1.748750
1.813750
-0.051684
1.001250
0.886250
1.033750
1.156250
1.120000
1.326250
1.465000
2.058750
2.243750
2.382500
1.960000
2.467500
2.092500
1.346250
1.315000
1.455000
1.460000
1.415000
1.367500
1.356250
1.315000
1.072500
0.925000
0.925000
2.000000
2.000000
1.558750
1.740000
1.775000
-0.051684
1.016250
0.882500
1.081250
1.125000
1.125000
1.211250
1.688750
2.126250
2.347500
2.487500
2.477500
2.572500
2.525000
2.045000
1.587500
1.371250
1.342500
1.412500
1.346250
1.306250
1.057500
0.947500
0.922500
0.928750
2.000000
2.000000
1.607500
1.752500
1.565000
-0.051684
0.895000
0.755000
1.078750
1.118750
1.127500
1.237500
1.747500
2.127500
2.347500
2.457500
2.300000
2.487500
2.633750
2.567500
2.075000
1.712500
1.080000
1.063750
1.317500
1.185000
1.027500
0.942500
0.945000
0.935000
2.000000
2.000000
1.605000
1.767500
-0.051684
-0.051684
0.891250
0.817500
1.193750
1.145000
1.122500
1.478750
1.821250
2.072500
2.312500
2.367500
2.232500
2.277500
2.497500
2.642500
2.630000
2.175000
1.711250
1.041250
1.022500
0.955000
0.923750
0.938750
0.937500
0.936250
2.000000
2.000000
1.580000
1.770000
-0.051684
-0.051684
0.840000
1.345000
1.215000
1.102500
1.411250
1.250000
1.867500
2.097500
2.190000
2.286250
2.227500
2.268750
2.278750
2.437500
2.492500
2.542500
2.136250
1.062500
0.982500
0.942500
0.925000
0.937500
0.931250
0.921250
2.000000
2.000000
1.531250
1.711250
-0.051684
0.936250
0.851250
0.763750
0.797500
1.063750
1.448750
1.238750
1.937500
2.090000
2.177500
2.145000
2.205000
2.242500
2.040000
1.990000
2.081250
1.978750
1.785000
1.000000
0.960000
0.940000
0.940000
0.928750
0.936250
0.930000
2.000000
2.000000
1.585000
1.711250
-0.051684
0.996250
0.828750
0.772500
0.800000
1.081250
1.575000
1.847500
1.942500
2.017500
2.056250
2.088750
2.062500
2.136250
1.927500
1.681250
1.750000
1.100000
1.032500
0.998750
0.952500
0.942500
0.945000
0.942500
0.932500
0.951250
2.000000
2.000000
1.617500
1.738750
-0.051684
1.021250
0.805000
0.850000
0.800000
1.101250
1.785000
1.867500
1.866250
1.922500
1.855000
1.918750
1.981250
1.915000
1.611250
1.646250
1.202500
1.046250
1.022500
1.003750
0.960000
0.956250
0.940000
0.958750
0.950000
0.937500
2.000000
2.000000
1.608750
1.485000
-0.051684
0.961250
0.860000
0.860000
0.832500
1.105000
1.807500
1.845000
1.841250
1.807500
1.801250
1.757500
1.707500
1.672500
1.605000
1.571250
1.210000
1.022500
1.062500
1.062500
1.096250
0.987500
0.967500
0.985000
0.931250
0.931250
2.000000
2.000000
1.652500
-0.051684
-0.051684
0.981250
0.858750
0.898750
0.882500
1.208750
1.783750
1.831250
1.786250
1.791250
1.740000
1.712500
1.680000
1.632500
1.595000
1.508750
1.050000
1.048750
1.065000
1.082500
1.167500
0.997500
1.065000
1.031250
0.943750
0.933750
2.000000
2.000000
1.672500
-0.051684
-0.051684
0.947500
0.780000
1.018750
0.972500
1.352500
1.828750
1.830000
1.807500
1.807500
1.736250
1.670000
1.615000
1.582500
1.515000
1.417500
1.051250
1.110000
1.100000
1.048750
0.997500
1.002500
0.975000
1.037500
0.937500
0.932500
2.000000
2.000000
1.622500
-0.051684
0.820000
0.938750
0.780000
0.872500
1.487500
1.362500
1.870000
1.870000
1.895000
1.801250
1.482500
1.656250
1.575000
1.510000
1.472500
1.352500
1.220000
1.140000
1.122500
1.012500
0.985000
1.046250
0.983750
0.983750
0.897500
0.927500
2.000000
2.000000
1.410000
-0.051684
0.970000
0.765000
0.800000
0.873750
1.540000
1.567500
1.932500
1.917500
1.925000
1.845000
1.482500
1.481250
1.380000
1.157500
1.112500
1.038750
1.112500
1.105000
1.251250
1.010000
1.035000
0.973750
0.986250
1.031250
0.903750
0.922500
2.000000
2.000000
1.295000
-0.051684
0.986250
0.800000
0.800000
0.887500
1.455000
1.768750
1.921250
1.922500
1.900000
1.822500
1.755000
1.426250
1.208750
1.177500
1.102500
1.066250
1.082500
1.141250
1.150000
1.008750
1.000000
0.976250
1.012500
0.975000
1.012500
1.006250
2.000000
2.000000
-0.051684
-0.051684
1.021250
0.800000
0.800000
0.886250
1.555000
1.930000
1.952500
1.927500
1.822500
1.780000
1.696250
1.447500
1.110000
1.160000
1.192500
1.122500
1.156250
1.088750
1.086250
1.167500
1.032500
0.990000
1.005000
0.955000
0.987500
0.962500
2.000000
2.000000
-0.051684
-0.051684
1.015000
0.800000
0.777500
0.892500
1.673750
1.377500
1.968750
1.921250
1.835000
1.775000
1.630000
1.507500
1.066250
1.080000
1.140000
1.140000
1.221250
1.092500
1.040000
1.186250
1.013750
0.956250
0.952500
0.950000
0.938750
0.945000
2.000000
2.000000
-0.051684
0.836250
0.962500
0.800000
0.767500
0.888750
0.900000
1.761250
1.951250
1.877500
1.765000
1.745000
1.628750
1.468750
1.072500
1.067500
1.165000
1.296250
1.288750
1.240000
1.097500
1.151250
1.002500
0.962500
0.952500
0.955000
0.925000
0.937500
2.000000
2.000000
-0.051684
0.833750
0.952500
0.800000
0.800000
0.772500
0.855000
1.921250
1.865000
1.846250
1.735000
1.722500
1.670000
1.567500
1.265000
1.167500
1.338750
1.368750
1.300000
1.356250
1.107500
1.426250
1.198750
1.772500
1.592500
1.546250
1.050000
1.013750
2.000000
2.000000
-0.051684
0.997500
0.851250
0.797500
0.798750
0.891250
0.797500
1.892500
1.873750
1.833750
1.785000
1.711250
1.733750
1.742500
1.576250
1.448750
1.325000
1.165000
1.172500
1.120000
1.267500
1.393750
1.881250
1.876250
1.883750
2.006250
2.026250
1.840000
2.000000
2.000000
-0.051684
0.980000
0.906250
0.857500
0.800000
0.770000
0.755000
1.951250
1.895000
1.845000
1.802500
1.811250
1.751250
1.701250
1.697500
1.582500
1.260000
1.040000
1.192500
1.295000
1.650000
1.821250
1.837500
1.902500
1.916250
1.992500
2.022500
2.072500
2.000000
2.000000
-0.051684
0.860000
0.798750
0.777500
0.887500
0.757500
0.788750
1.910000
1.910000
1.851250
1.808750
1.782500
1.768750
1.718750
1.697500
1.628750
1.527500
1.445000
1.590000
1.675000
1.702500
1.827500
1.846250
1.942500
1.941250
2.046250
2.007500
2.066250
2.000000
2.000000
-0.051684
0.798750
0.800000
0.913750
0.982500
0.845000
0.772500
1.840000
1.881250
1.852500
1.808750
1.782500
1.802500
1.752500
1.668750
1.643750
1.601250
1.570000
1.623750
1.736250
1.750000
1.857500
1.966250
1.972500
1.936250
2.075000
2.033750
2.015000
2.000000
2.000000
-0.051684
0.847500
0.785000
0.831250
0.910000
0.857500
0.760000
1.771250
1.858750
1.847500
1.846250
1.838750
1.815000
1.785000
1.655000
1.645000
1.626250
1.666250
1.706250
1.772500
1.815000
1.938750
2.057500
2.221250
2.207500
2.125000
2.132500
2.043750
2.000000
2.000000
-0.051684
0.852500
0.797500
0.937500
0.898750
0.860000
0.817500
1.780000
1.786250
1.822500
1.847500
1.827500
1.831250
1.732500
1.660000
1.685000
1.850000
1.832500
1.962500
1.925000
2.086250
2.301250
2.325000
2.446250
2.387500
2.315000
2.265000
2.188750
2.000000
2.000000
-0.051684
0.882500
0.917500
0.832500
0.880000
0.835000
0.777500
1.736250
1.775000
1.821250
1.845000
1.873750
1.831250
1.838750
1.872500
1.888750
2.037500
2.110000
2.215000
2.100000
2.076250
2.265000
2.380000
2.382500
2.425000
2.485000
2.556250
2.455000
2.000000
2.000000
-0.051684
0.902500
0.805000
0.800000
0.967500
0.800000
0.908750
1.547500
1.800000
1.830000
1.843750
1.853750
1.911250
2.142500
2.082500
2.095000
2.057500
2.048750
2.063750
2.115000
2.092500
2.207500
2.408750
2.318750
2.325000
2.445000
2.631250
2.600000
2.000000
2.000000
-0.051684
0.858750
0.760000
0.873750
0.927500
0.760000
0.800000
0.860000
1.765000
1.798750
1.740000
1.925000
2.006250
2.051250
2.047500
2.120000
2.045000
2.063750
2.052500
2.122500
2.187500
2.221250
2.270000
2.217500
2.266250
2.265000
2.367500
2.582500
2.000000
2.000000
1.991250
-0.051684
0.837500
0.848750
0.895000
0.777500
0.800000
0.993750
1.707500
1.790000
1.808750
2.015000
2.015000
2.057500
2.053750
2.097500
2.071250
2.075000
2.086250
2.122500
2.120000
2.061250
2.202500
2.295000
2.147500
2.120000
2.201250
2.435000
2.000000
2.000000
1.993750
-0.051684
0.950000
0.900000
0.923750
0.892500
0.782500
1.037500
1.256250
1.787500
1.927500
1.995000
2.055000
2.010000
2.081250
2.095000
2.101250
2.076250
2.091250
2.107500
2.127500
2.077500
2.095000
2.162500
2.102500
2.112500
2.140000
2.335000
2.000000
2.000000
2.083750
-0.051684
0.903750
0.937500
0.766250
0.800000
0.870000
0.800000
1.370000
1.835000
1.903750
2.000000
2.065000
2.053750
2.083750
2.133750
2.142500
2.086250
2.105000
2.101250
2.096250
2.097500
2.142500
2.197500
2.185000
2.212500
2.272500
2.217500
2.000000
2.000000
2.071250
1.926250
-0.051684
0.850000
0.800000
0.800000
0.817500
0.800000
0.987500
1.768750
1.886250
2.002500
2.026250
2.082500
2.025000
2.097500
2.116250
2.106250
2.127500
2.163750
2.120000
2.155000
2.170000
2.206250
2.200000
2.193750
2.227500
2.145000
2.000000
2.000000
2.061250
2.030000
-0.051684
0.797500
0.797500
1.015000
0.972500
0.917500
0.978750
1.678750
1.843750
2.005000
2.025000
2.032500
2.046250
2.047500
2.087500
2.123750
2.080000
2.087500
2.140000
2.237500
2.253750
2.241250
2.225000
2.255000
2.265000
2.098750
2.000000
2.000000
2.071250
2.042500
-0.051684
0.835000
0.771250
1.055000
0.800000
0.830000
1.017500
1.568750
1.830000
1.962500
2.021250
2.033750
2.085000
2.053750
2.091250
2.135000
2.112500
2.133750
2.127500
2.203750
2.207500
2.240000
2.241250
2.257500
2.210000
2.043750
2.000000
2.000000
2.045000
2.021250
-0.051684
0.915000
0.791250
0.980000
0.800000
0.800000
0.988750
1.531250
1.766250
1.950000
2.023750
2.046250
2.052500
2.061250
2.112500
2.115000
2.075000
2.163750
2.185000
2.172500
2.151250
2.207500
2.182500
2.235000
2.232500
2.288750
2.000000
2.000000
2.040000
1.992500
-0.051684
-0.051684
0.800000
0.915000
0.800000
0.800000
1.005000
0.878750
1.676250
1.931250
1.968750
1.973750
2.066250
2.108750
2.116250
2.127500
2.046250
2.168750
2.202500
2.163750
2.150000
2.183750
2.187500
2.197500
2.263750
2.275000
2.000000
2.000000
2.050000
1.983750
1.875000
-0.051684
0.916250
0.800000
0.963750
0.800000
1.052500
0.890000
1.523750
1.850000
1.978750
2.022500
2.072500
2.126250
2.112500
2.146250
2.136250
2.200000
2.227500
2.156250
2.170000
2.217500
2.208750
2.213750
2.242500
2.220000
2.000000
2.000000
2.025000
2.002500
1.910000
-0.051684
-0.051684
0.792500
0.861250
0.800000
1.018750
0.907500
1.168750
1.783750
2.020000
2.031250
2.075000
2.145000
2.135000
2.188750
2.138750
2.187500
2.146250
2.146250
2.200000
2.170000
2.173750
2.203750
2.191250
2.135000
2.000000
2.000000
2.035000
1.977500
1.945000
1.898750
-0.051684
0.911250
0.967500
0.795000
0.917500
0.830000
0.865000
1.635000
1.753750
1.926250
1.985000
2.137500
2.151250
2.156250
2.195000
2.186250
2.186250
2.192500
2.128750
2.131250
2.162500
2.157500
2.171250
2.085000
2.000000
2.000000
1.998750
1.978750
1.946250
1.966250
-0.051684
0.916250
0.821250
0.891250
0.780000
0.875000
0.837500
0.787500
0.800000
1.903750
1.983750
2.030000
2.110000
2.152500
2.152500
2.202500
2.208750
2.190000
2.143750
2.145000
2.150000
2.192500
2.185000
2.206250
2.000000
2.000000
1.993750
1.995000
1.988750
2.025000
2.001250
-0.051684
0.807500
0.961250
0.800000
0.845000
0.860000
0.800000
0.810000
1.863750
1.993750
2.042500
1.990000
2.147500
2.153750
2.206250
2.186250
2.165000
2.137500
2.187500
2.212500
2.125000
2.127500
2.237500
2.000000
2.000000
1.998750
2.011250
1.988750
1.998750
2.025000
-0.051684
0.937500
0.860000
0.805000
0.762500
0.836250
0.843750
0.847500
1.820000
1.995000
2.120000
2.146250
2.152500
2.186250
2.190000
2.223750
2.205000
2.155000
2.142500
2.147500
2.177500
2.195000
2.237500
2.000000
2.000000
1.996250
1.992500
1.977500
1.991250
1.967500
1.478750
-0.051684
0.870000
0.792500
0.782500
0.760000
0.918750
1.532500
1.777500
1.957500
2.062500
2.162500
2.160000
2.132500
2.143750
2.183750
2.145000
2.183750
2.135000
2.082500
2.175000
2.185000
2.232500
2.000000
2.000000
1.983750
1.983750
1.977500
1.971250
1.968750
1.977500
-0.051684
0.881250
0.770000
0.772500
0.800000
0.815000
0.956250
1.707500
1.932500
2.021250
2.002500
2.106250
2.158750
2.161250
2.172500
2.163750
2.167500
2.172500
2.093750
2.161250
2.191250
2.218750
2.000000
2.000000
1.985000
1.981250
1.975000
1.958750
1.961250
1.980000
1.822500
-0.051684
0.887500
0.800000
0.760000
0.792500
0.831250
0.815000
1.901250
2.020000
1.870000
1.955000
2.110000
2.108750
2.200000
2.170000
2.095000
2.080000
2.176250
2.096250
2.135000
2.170000
2.000000
2.000000
1.965000
2.000000
1.942500
1.895000
2.030000
2.037500
1.906250
-0.051684
0.852500
0.800000
0.782500
0.800000
0.828750
0.800000
1.770000
1.993750
1.857500
1.940000
2.052500
2.080000
2.082500
2.136250
1.907500
2.131250
2.121250
2.080000
2.093750
2.093750
2.000000
2.000000
1.956250
2.030000
1.976250
1.961250
2.023750
2.022500
2.080000
-0.051684
-0.051684
0.765000
0.833750
0.775000
0.815000
0.802500
1.445000
1.977500
1.960000
1.935000
1.998750
2.067500
2.043750
2.116250
1.978750
2.115000
2.102500
2.055000
2.081250
2.075000
2.000000
2.000000
1.847500
1.987500
1.987500
2.000000
2.025000
2.122500
2.072500
1.231250
-0.051684
0.885000
0.755000
0.775000
0.762500
0.868750
0.842500
1.888750
1.867500
1.946250
2.077500
1.976250
1.986250
2.022500
2.101250
2.107500
2.078750
2.028750
2.066250
2.010000
2.000000
2.000000
1.727500
1.987500
2.075000
2.010000
2.052500
2.086250
2.157500
1.618750
-0.051684
0.767500
0.830000
0.775000
0.763750
0.830000
0.847500
1.943750
1.993750
1.993750
1.876250
1.985000
2.096250
1.962500
2.092500
2.080000
2.070000
2.000000
1.900000
1.850000
2.000000
2.000000
1.642500
2.003750
2.028750
2.046250
2.098750
2.147500
2.112500
1.260000
-0.051684
-0.051684
0.788750
0.790000
0.815000
0.890000
0.875000
1.912500
2.030000
1.933750
1.912500
2.012500
2.045000
2.091250
2.053750
2.045000
1.995000
1.920000
1.655000
1.083750
2.000000
2.000000
1.190000
1.797500
1.970000
2.085000
2.085000
2.101250
2.135000
-0.051684
-0.051684
-0.051684
0.840000
0.831250
0.815000
0.847500
0.867500
1.857500
2.013750
1.960000
1.965000
1.975000
1.955000
2.060000
1.977500
1.942500
1.952500
1.682500
1.055000
1.055000
2.000000
2.000000
0.780000
1.732500
2.116250
2.127500
2.125000
2.103750
2.117500
-0.051684
-0.051684
-0.051684
-0.051684
0.845000
0.917500
0.825000
0.985000
1.822500
2.015000
1.908750
2.035000
2.013750
2.060000
2.005000
1.670000
1.687500
1.047500
1.055000
1.055000
1.108750
2.000000
2.000000
0.800000
1.438750
2.083750
2.042500
2.090000
2.102500
1.752500
-0.051684
-0.051684
-0.051684
-0.051684
-0.051684
0.963750
0.948750
1.230000
1.771250
1.987500
1.971250
1.971250
1.922500
2.043750
1.722500
1.172500
1.047500
1.041250
1.040000
1.078750
1.117500
2.000000
2.000000
0.800000
1.367500
2.046250
2.111250
2.078750
2.087500
-0.051684
-0.051684
-0.051684
-0.051684
-0.051684
-0.051684
0.827500
0.966250
1.446250
1.792500
1.996250
2.065000
1.953750
1.130000
1.590000
1.033750
1.040000
1.050000
1.037500
1.075000
1.260000
1.062500
2.000000
2.000000
0.800000
1.567500
1.933750
2.080000
2.172500
2.047500
-0.051684
-0.051684
-0.051684
-0.051684
-0.051684
-0.051684
-0.051684
0.931250
1.740000
1.805000
1.983750
2.048750
1.972500
1.181250
1.066250
1.055000
1.045000
1.047500
1.112500
1.225000
1.022500
0.850000
2.000000
2.000000
0.800000
1.550000
2.042500
1.977500
2.097500
-0.051684
-0.051684
-0.051684
-0.051684
-0.051684
-0.051684
-0.051684
-0.051684
0.975000
1.677500
1.871250
2.006250
2.017500
1.897500
1.140000
1.060000
1.071250
1.067500
1.052500
1.186250
0.837500
0.800000
0.916250
2.000000
1.000000
0.800000
0.800000
1.056250
0.978750
2.110000
-0.051684
-0.051684
-0.051684
-0.051684
-0.051684
-0.051684
-0.051684
-0.051684
0.913750
1.498750
0.955000
0.956250
0.958750
0.877500
0.800000
0.800000
0.800000
0.800000
0.800000
0.800000
0.800000
0.800000
0.800000
1.000000
