0.974158
0.800000
0.800000
0.800000
0.787500
0.800000
0.802500
0.816250
0.768750
0.755000
-0.051684
-0.051684
0.848750
-0.051684
-0.051684
0.815000
0.860000
0.766020
0.800000
0.799758
0.767500
0.800000
0.760000
0.757500
0.753750
0.751250
0.758750
0.788750
0.788750
1.000000
1.396250
0.778750
0.800000
0.770000
0.757500
0.781250
0.753750
0.791250
0.770000
0.800000
0.765000
-0.051684
-0.051684
-0.051684
-0.051684
0.815000
0.820000
0.767500
0.837500
0.775000
0.807500
0.836250
0.837500
0.755000
0.813750
0.837500
0.757500
0.792500
0.852500
1.000000
0.974158
0.800000
0.761250
0.781250
0.800000
0.752500
0.776250
0.800000
0.757500
0.800000
0.800000
0.800000
0.770000
-0.051684
-0.051684
-0.051684
0.836250
0.760000
0.800000
0.753750
0.788750
0.800000
0.765000
0.770000
0.767500
0.792500
0.755000
0.760000
0.805000
1.000000
0.974158
0.772500
0.772500
0.800000
0.800000
0.776250
0.753750
0.750000
0.756250
0.766250
0.800000
0.758750
0.750000
-0.051684
-0.051684
0.821250
0.818750
0.757500
0.800000
0.800000
0.753750
0.817500
0.795000
0.836250
0.756250
0.756250
0.858750
1.300000
1.095000
1.000000
1.436250
0.750000
0.752500
0.800000
0.800000
0.800000
0.762500
0.800000
0.750000
0.762500
0.766250
0.760000
0.755000
-0.051684
-0.051684
-0.051684
0.752500
0.755000
0.753750
0.801250
0.756250
0.803750
0.775000
0.757500
0.785000
0.755000
1.715000
0.813750
0.802500
1.000000
1.423750
0.761250
0.770000
0.761250
0.800000
0.800000
0.762500
0.755000
0.756250
0.765000
0.800000
0.768750
0.901250
-0.051684
0.798750
0.830000
0.756250
0.800000
0.800000
0.800000
0.765000
0.787500
0.780000
0.756250
0.757500
0.750000
0.757500
0.775000
0.793750
1.000000
0.974158
0.800000
0.800000
0.785000
0.790000
0.752500
-0.051684
-0.051684
-0.051684
-0.051684
1.077500
-0.051684
-0.051684
-0.051684
-0.051684
-0.051684
0.888750
0.780000
0.800000
0.753750
0.800000
0.767500
0.757500
0.765000
0.757500
0.800000
0.756250
0.752500
0.798750
1.000000
0.974158
0.800000
0.800000
0.780000
0.890000
-0.051684
-0.051684
0.840000
0.880000
-0.051684
-0.051684
-0.051684
-0.051684
-0.051684
1.110000
-0.051684
-0.051684
0.770000
0.800000
0.800000
0.750000
0.798750
0.832500
0.788750
0.771250
0.756250
0.800000
0.752500
0.786250
1.000000
0.974158
0.800000
0.750000
0.802500
-0.051684
-0.051684
0.831250
0.755000
0.757500
-0.051684
-0.051684
-0.051684
-0.051684
-0.051684
0.800000
-0.051684
-0.051684
0.752500
0.800000
0.755000
0.758750
0.756250
0.771250
0.780000
0.758750
0.760000
0.777500
0.752500
0.803750
1.000000
1.438750
0.758750
0.825000
-0.051684
-0.051684
-0.051684
-0.051684
0.933750
0.760000
0.762500
0.852500
-0.051684
-0.051684
0.790000
-0.051684
-0.051684
0.811250
0.786250
0.755000
0.800000
0.755000
0.766250
0.830000
0.825000
0.840000
0.762500
0.760000
0.842500
0.795000
1.000000
1.435000
0.812500
-0.051684
-0.051684
-0.051684
0.945000
-0.051684
-0.051684
-0.051684
-0.051684
-0.051684
-0.051684
0.802500
-0.051684
-0.051684
-0.051684
0.802500
0.857500
0.752500
0.800000
0.800000
0.750000
0.751679
0.775000
0.755000
0.786250
0.780000
0.787500
0.792500
1.000000
1.618750
-0.051684
-0.051684
0.805000
0.757500
0.776250
-0.051684
-0.051684
-0.051684
0.891250
-0.051684
-0.051684
1.200000
-0.051684
-0.051684
0.847500
1.460000
1.976250
1.066250
0.752500
0.800000
0.766250
0.933750
0.767500
0.755000
0.777500
0.826250
0.832500
1.752500
1.000000
0.974158
-0.051684
0.782500
0.782500
0.825000
-0.051684
-0.051684
-0.051684
-0.051684
0.775000
0.931250
1.191250
0.865000
-0.051684
0.775000
0.776250
1.382500
1.802500
2.138750
1.223750
0.787500
0.757500
0.752500
0.755000
0.815000
0.822500
0.831250
0.900000
1.795000
1.000000
1.611250
0.878750
0.758750
0.791250
-0.051684
-0.051684
-0.051684
-0.051684
-0.051684
-0.051684
0.836250
1.305000
-0.051684
-0.051684
0.833750
0.755000
1.371250
1.653750
2.007500
2.198750
1.850000
1.068750
0.830000
0.795000
0.803750
0.828750
0.883750
0.885000
0.927500
1.000000
1.547500
0.887500
0.983750
0.928750
-0.051684
-0.051684
-0.051684
-0.051684
-0.051684
-0.051684
-0.051684
1.268750
-0.051684
-0.051684
0.795000
0.781250
1.200000
1.630000
1.802500
1.858750
1.865000
1.840000
1.672500
0.886250
0.886250
0.900000
1.002500
0.893750
0.911250
1.000000
1.560000
0.800000
0.836250
0.840000
-0.051684
-0.051684
-0.051684
-0.051684
-0.051684
-0.051684
-0.051684
0.832500
-0.051684
-0.051684
0.786250
0.771250
0.783750
1.490000
1.647500
1.620000
1.627500
1.500000
1.452500
1.287500
1.482500
1.422500
1.491250
1.108750
1.086250
1.000000
1.547500
0.800000
0.800000
0.992500
0.873750
0.826250
-0.051684
-0.051684
-0.051684
-0.051684
-0.051684
-0.051684
-0.051684
-0.051684
0.791250
0.795000
0.780000
0.857500
1.560000
1.497500
1.442500
1.333750
1.323750
1.287500
1.263750
1.263750
1.346250
1.470000
1.582500
1.000000
1.566250
1.053750
0.857500
0.941250
0.800000
0.775000
0.807500
0.753750
-0.051684
-0.051684
-0.051684
-0.051684
-0.051684
-0.051684
0.787500
0.787500
0.778750
0.906250
1.335000
1.473750
1.472500
1.307500
1.216250
1.248750
1.352500
1.332500
1.363750
1.372500
1.475000
1.000000
1.685000
0.966250
0.876250
0.877500
0.858750
0.863750
0.772500
0.765000
0.798750
-0.051684
-0.051684
-0.051684
1.371250
-0.051684
0.836250
0.787500
0.785000
0.815000
1.116250
1.160000
1.303750
1.406250
1.351250
1.373750
1.295000
1.312500
1.321250
1.402500
1.415000
1.000000
1.523750
0.875000
0.916250
0.762500
0.800000
0.766250
0.875000
0.811250
0.765000
-0.051684
-0.051684
-0.051684
-0.051684
-0.051684
-0.051684
0.823750
0.775000
0.785000
0.817500
0.883750
0.931250
1.422500
1.420000
1.341250
1.280000
1.310000
1.355000
1.356250
1.422500
1.000000
1.481250
0.850000
0.800000
0.800000
0.800000
0.800000
0.762500
0.775000
0.760000
0.762500
0.767500
-0.051684
-0.051684
-0.051684
-0.051684
-0.051684
0.856250
0.792500
0.782500
0.847500
0.860000
0.887500
1.305000
1.352500
1.372500
1.282500
1.322500
1.480000
1.570000
1.000000
1.462500
0.795000
0.800000
0.800000
0.752500
0.797500
0.782500
0.755000
0.857500
0.887500
0.900000
0.837500
0.755000
-0.051684
-0.051684
-0.051684
-0.051684
-0.051684
0.998750
0.815000
0.815000
0.857500
0.928750
0.918750
1.266250
1.330000
1.257500
1.498750
1.517500
1.000000
1.433750
0.793750
0.758750
0.753750
0.790000
0.790000
0.825000
0.837500
0.800000
0.800000
0.800000
0.800000
0.792500
-0.051684
-0.051684
-0.051684
-0.051684
0.860000
-0.051684
-0.051684
-0.051684
-0.051684
-0.051684
-0.051684
1.018750
1.243750
1.205000
1.277500
1.486250
1.000000
1.421250
0.790000
0.767500
0.757500
0.848750
0.812500
0.780000
0.760000
0.800000
0.800000
0.800000
0.800000
0.800000
-0.051684
-0.051684
-0.051684
-0.051684
1.168750
1.205000
0.971250
-0.051684
-0.051684
-0.051684
-0.051684
-0.051684
1.275000
1.330000
1.377500
1.485000
1.000000
1.466250
0.800000
0.775000
0.807500
0.813750
0.873750
-0.051684
-0.051684
0.813750
0.800000
0.800000
0.800000
0.755000
-0.051684
-0.051684
-0.051684
1.210000
1.346250
1.321250
0.943750
-0.051684
-0.051684
0.757500
-0.051684
-0.051684
1.118750
1.402500
1.431250
1.508750
1.000000
1.452500
0.800000
0.800000
0.800000
0.800000
-0.051684
-0.051684
-0.051684
-0.051684
-0.051684
-0.051684
0.863750
0.841250
-0.051684
-0.051684
-0.051684
0.775000
0.772500
-0.051684
-0.051684
-0.051684
-0.051684
-0.051684
-0.051684
1.160000
1.163750
1.346250
1.438750
1.515000
1.000000
1.446250
0.760000
0.800000
0.800000
0.770000
0.782500
-0.051684
-0.051684
-0.051684
-0.051684
-0.051684
-0.051684
-0.051684
-0.051684
-0.051684
-0.051684
-0.051684
-0.051684
-0.051684
-0.051684
-0.051684
-0.051684
-0.051684
0.960000
1.155000
1.150000
1.365000
1.387500
1.501250
1.000000
1.440000
0.785000
0.800000
0.775000
0.938750
0.902500
0.845000
0.798750
0.795000
-0.051684
-0.051684
0.782500
-0.051684
0.766250
-0.051684
-0.051684
-0.051684
-0.051684
-0.051684
-0.051684
-0.051684
-0.051684
-0.051684
1.083750
1.133750
1.158750
1.440000
1.440000
1.526250
1.000000
1.885000
0.757500
0.800000
0.782500
0.800000
0.761250
0.800000
0.775000
-0.051684
-0.051684
-0.051684
-0.051684
-0.051684
-0.051684
-0.051684
-0.051684
-0.051684
-0.051684
-0.051684
-0.051684
-0.051684
-0.051684
1.182500
1.163750
1.242500
1.281250
1.420000
1.476250
1.546250
1.000000
1.873750
1.450000
0.750000
0.762500
0.816250
0.788750
0.771250
0.785000
0.800000
0.752500
0.761250
-0.051684
-0.051684
-0.051684
-0.051684
-0.051684
-0.051684
-0.051684
-0.051684
-0.051684
-0.051684
-0.051684
1.120000
1.277500
1.296250
1.397500
1.467500
1.377500
1.556250
1.000000
1.825000
0.777500
0.850000
0.757500
0.800000
0.772500
0.870000
0.760000
0.800000
0.800000
0.793750
0.783750
-0.051684
-0.051684
-0.051684
-0.051684
-0.051684
-0.051684
-0.051684
-0.051684
-0.051684
0.897500
0.922500
-0.051684
-0.051684
1.305000
1.268750
-0.051684
0.890000
1.000000
0.974158
0.800000
0.792500
0.792500
0.800000
0.800000
0.790000
0.763750
0.765000
0.800000
0.776250
0.865000
0.802500
0.777500
-0.051684
-0.051684
-0.051684
-0.051684
-0.051684
0.965000
0.943750
-0.051684
-0.051684
0.891250
0.750000
0.750000
0.750000
0.750000
-0.051684
1.000000
1.467500
0.752500
0.800000
0.760000
0.750000
0.800000
0.800000
0.800000
0.800000
0.782500
0.785000
0.820000
-0.051684
-0.051684
-0.051684
-0.051684
-0.051684
-0.051684
1.010000
1.002500
-0.051684
-0.051684
-0.051684
0.750000
0.750000
0.752500
0.755000
0.752500
-0.051684
1.000000
1.836250
0.876250
0.835000
0.785000
0.760000
0.800000
0.800000
0.800000
0.800000
0.800000
0.800000
0.791250
-0.051684
-0.051684
-0.051684
-0.051684
-0.051684
-0.051684
-0.051684
-0.051684
-0.051684
-0.051684
0.812500
0.752500
0.755000
0.922500
0.967500
-0.051684
-0.051684
1.000000
1.435000
0.776250
0.800000
0.758750
0.800000
0.775000
0.800000
0.800000
0.800000
0.800000
0.800000
0.800000
0.801250
-0.051684
-0.051684
-0.051684
-0.051684
0.755000
0.752500
0.758750
0.800000
0.800000
0.773750
0.760000
0.800000
0.751250
-0.051684
-0.051684
1.598750
1.000000
0.974158
0.800000
0.800000
0.800000
0.753750
0.861250
0.857500
0.910000
0.917500
0.795000
0.800000
0.800000
0.913750
0.810000
0.790000
0.750000
0.781250
0.763750
0.800000
0.800000
0.800000
0.752500
0.800000
0.800000
0.756250
-0.051684
-0.051684
-0.051684
1.645000
1.000000
0.974158
0.800000
0.800000
0.800000
0.800000
0.800000
0.752500
0.755000
0.800000
0.800000
0.800000
0.800000
0.780000
0.752500
0.787500
0.800000
0.800000
0.765000
0.758750
0.800000
0.800000
0.800000
0.800000
0.800000
0.768750
-0.051684
-0.051684
1.657500
1.555000
1.000000
0.974158
0.800000
0.800000
0.851250
0.852500
0.753750
0.757500
0.800000
0.800000
0.800000
0.800000
0.752500
0.755000
0.758750
0.761250
0.757500
0.800000
0.800000
0.800000
0.800000
0.800000
0.800000
0.800000
0.781250
-0.051684
-0.051684
1.760000
1.585000
1.525000
1.000000
0.974158
0.800000
0.800000
0.800000
0.757500
0.753750
0.753750
0.800000
0.800000
0.761250
0.800000
0.770000
0.761250
0.753750
0.776250
0.752500
0.755000
0.820000
0.785000
0.800000
0.800000
0.800000
0.800000
0.762500
-0.051684
-0.051684
1.728750
1.546250
1.546250
1.000000
1.405000
0.756250
0.800000
0.800000
0.800000
0.761250
0.775000
0.800000
0.800000
0.755000
0.756250
0.800000
0.800000
0.800000
0.797500
0.841250
0.800000
0.762500
0.800000
0.800000
0.800000
0.800000
0.800000
-0.051684
-0.051684
1.756250
1.527500
1.620000
1.628750
1.000000
1.866250
1.033750
0.762500
0.750000
0.762500
0.757500
0.813750
0.765000
0.800000
0.800000
0.770000
0.797500
0.770000
0.772500
0.792500
0.770000
0.800000
0.800000
0.800000
0.800000
0.800000
0.800000
0.771250
-0.051684
-0.051684
1.680000
1.558750
1.695000
1.608750
1.000000
2.000000
1.555000
0.792500
0.807500
1.002500
0.782500
0.800000
0.750000
0.800000
0.800000
0.767500
0.755000
0.760000
0.800000
0.771250
0.800000
0.800000
0.800000
0.800000
0.800000
0.800000
0.800000
-0.051684
-0.051684
1.695000
1.595000
1.595000
1.685000
1.662500
1.000000
1.726250
0.976250
1.038750
0.800000
0.800000
1.030000
0.772500
0.758750
0.757500
0.800000
0.762500
0.777500
0.797500
0.800000
0.800000
0.800000
0.800000
0.800000
0.760000
0.853750
0.763750
0.752500
-0.051684
-0.051684
1.652500
1.587500
1.671250
1.678750
1.346250
1.000000
1.506250
0.948750
0.850000
0.800000
0.800000
0.800000
0.775000
0.773750
0.800000
0.760000
0.800000
0.771250
0.771250
0.800000
0.800000
0.800000
0.800000
0.780000
0.757500
0.772500
0.800000
-0.051684
-0.051684
1.660000
1.630000
1.698750
1.698750
1.725000
1.400000
1.000000
1.498750
0.888750
0.927500
0.800000
0.800000
0.800000
0.795000
0.772500
0.795000
0.933750
0.895000
0.812500
0.811250
0.800000
0.800000
0.800000
0.771250
0.830000
0.755000
0.750000
0.785000
-0.051684
-0.051684
1.662500
1.662500
1.742500
1.563750
1.380000
1.398750
1.000000
1.498750
0.962500
0.960000
0.961250
1.010000
1.098750
1.058750
0.773750
0.800000
0.800000
0.800000
0.800000
0.800000
0.800000
0.800000
0.800000
0.800000
0.800000
0.757500
1.265000
-0.051684
-0.051684
1.382500
1.671250
1.783750
1.758750
1.492500
1.366250
1.362500
1.000000
1.496250
0.945000
0.947500
0.961250
0.925000
0.923750
1.686250
0.757500
0.800000
0.800000
0.800000
0.800000
0.762500
1.133750
1.687500
1.765000
1.288750
1.407500
1.397500
1.416250
-0.051684
-0.051684
1.761250
1.813750
1.770000
1.777500
1.627500
1.378750
1.377500
1.000000
1.525000
0.930000
0.925000
0.900000
0.950000
0.902500
1.630000
1.853750
1.087500
0.828750
0.752500
0.782500
1.237500
1.428750
1.432500
1.403750
1.438750
1.436250
1.466250
-0.051684
-0.051684
-0.051684
1.801250
1.861250
1.816250
1.810000
1.582500
1.382500
1.377500
1.000000
1.497500
0.945000
0.897500
0.912500
0.937500
1.465000
1.575000
1.802500
1.788750
1.802500
1.142500
1.237500
1.376250
1.317500
1.282500
1.282500
1.337500
1.381250
1.400000
-0.051684
-0.051684
1.690000
1.690000
1.882500
1.850000
1.707500
1.541250
1.388750
1.381250
1.000000
1.511250
0.955000
0.955000
0.947500
0.947500
1.545000
1.655000
1.692500
1.650000
1.488750
1.417500
1.505000
1.440000
1.430000
1.412500
1.061250
1.037500
1.042500
-0.051684
-0.051684
-0.051684
1.805000
1.865000
1.928750
1.592500
1.557500
1.817500
1.382500
1.385000
1.000000
1.521250
0.922500
0.922500
0.932500
1.390000
1.512500
1.621250
1.607500
1.642500
1.635000
1.492500
1.221250
1.603750
1.661250
1.357500
1.177500
1.026250
-0.051684
-0.051684
-0.051684
1.811250
1.816250
1.857500
1.823750
1.676250
1.780000
1.786250
1.728750
1.422500
1.000000
1.492500
0.901250
0.900000
0.947500
1.390000
1.542500
1.572500
1.630000
1.742500
1.723750
1.662500
1.332500
1.070000
1.051250
0.991250
-0.051684
-0.051684
-0.051684
-0.051684
1.627500
1.641250
1.837500
1.830000
1.793750
1.800000
1.783750
1.740000
1.755000
1.713750
1.000000
1.450000
0.876250
1.108750
1.233750
1.355000
1.407500
1.670000
1.732500
1.807500
1.835000
-0.051684
-0.051684
-0.051684
-0.051684
-0.051684
-0.051684
-0.051684
1.432500
1.648750
1.667500
1.846250
1.808750
1.765000
1.750000
1.737500
1.697500
1.707500
1.676250
1.676250
1.000000
1.498750
0.946250
1.476250
1.416250
1.416250
1.532500
1.728750
1.752500
1.747500
-0.051684
-0.051684
-0.051684
-0.051684
0.965000
0.902500
1.567500
1.375000
1.710000
1.795000
1.892500
1.856250
1.770000
1.738750
1.705000
1.647500
1.663750
1.660000
1.623750
1.602500
1.000000
1.767500
1.451250
1.875000
1.583750
1.408750
1.728750
1.722500
1.717500
-0.051684
-0.051684
-0.051684
0.867500
0.878750
0.878750
0.877500
1.287500
1.728750
1.737500
1.722500
1.775000
1.773750
1.730000
1.671250
1.663750
1.648750
1.640000
1.582500
1.590000
1.578750
1.000000
1.862500
1.677500
1.647500
1.633750
1.742500
1.768750
1.702500
-0.051684
-0.051684
-0.051684
0.875000
0.895000
0.872500
0.876250
1.161250
1.490000
1.640000
1.732500
1.733750
1.768750
1.760000
1.665000
1.665000
1.636250
1.602500
1.587500
1.501250
1.487500
1.412500
1.000000
1.913750
1.755000
1.792500
1.680000
1.780000
1.785000
-0.051684
-0.051684
-0.051684
0.865000
0.892500
0.880000
0.867500
0.900000
1.431250
1.480000
1.600000
1.720000
1.717500
1.727500
1.757500
1.662500
1.650000
1.620000
1.597500
1.567500
1.510000
1.507500
1.395000
1.000000
1.906250
1.756250
1.768750
1.762500
1.752500
-0.051684
-0.051684
-0.051684
-0.051684
0.887500
0.860000
0.870000
0.972500
1.037500
1.345000
1.535000
1.675000
1.672500
1.670000
1.672500
1.693750
1.648750
1.621250
1.607500
1.571250
1.551250
1.485000
1.380000
1.107500
1.000000
1.912500
1.807500
1.806250
1.778750
1.730000
-0.051684
-0.051684
-0.051684
0.842500
0.838750
0.868750
1.005000
1.060000
1.075000
1.165000
1.550000
1.616250
1.636250
1.645000
1.716250
1.662500
1.667500
1.617500
1.562500
1.465000
1.026250
1.010000
1.240000
1.231250
1.000000
1.950000
1.842500
1.796250
1.816250
-0.051684
-0.051684
-0.051684
0.875000
0.870000
0.862500
1.018750
1.002500
1.117500
1.126250
1.282500
1.591250
1.646250
1.612500
1.667500
1.653750
1.632500
1.577500
1.517500
1.507500
1.433750
1.155000
1.043750
1.125000
1.277500
1.000000
1.931250
1.732500
1.820000
1.720000
-0.051684
-0.051684
0.811250
0.803750
0.843750
1.007500
1.012500
1.017500
1.048750
1.236250
1.646250
1.680000
1.651250
1.645000
1.655000
1.565000
1.568750
1.580000
1.548750
1.526250
1.162500
1.075000
1.157500
1.252500
1.303750
1.000000
1.930000
1.688750
1.793750
-0.051684
-0.051684
-0.051684
0.797500
0.797500
0.815000
1.003750
0.987500
1.016250
1.067500
1.147500
1.622500
1.726250
1.672500
1.636250
1.595000
1.647500
1.580000
1.595000
1.567500
1.528750
1.207500
1.073750
1.268750
1.287500
1.333750
1.000000
1.882500
1.740000
1.795000
-0.051684
-0.051684
-0.051684
0.812500
0.796250
0.995000
1.033750
1.010000
1.013750
1.193750
1.338750
1.821250
1.777500
1.705000
1.633750
1.605000
1.617500
1.632500
1.590000
1.540000
1.506250
1.370000
1.295000
1.293750
1.222500
1.312500
1.000000
1.883750
1.707500
1.815000
-0.051684
-0.051684
0.807500
0.795000
0.798750
1.020000
1.041250
1.045000
1.107500
1.185000
1.815000
1.850000
1.701250
1.670000
1.660000
1.607500
1.573750
1.593750
1.593750
1.542500
1.470000
1.321250
1.293750
1.325000
1.347500
1.342500
1.000000
1.848750
1.683750
1.760000
-0.051684
-0.051684
0.825000
0.792500
0.795000
1.032500
1.037500
1.057500
1.052500
1.567500
1.713750
1.986250
1.802500
1.755000
1.662500
1.595000
1.592500
1.576250
1.572500
1.552500
1.440000
1.397500
1.360000
1.397500
1.373750
1.263750
1.000000
1.846250
1.643750
1.760000
-0.051684
-0.051684
0.865000
0.777500
0.793750
0.987500
1.032500
1.086250
1.203750
1.700000
2.125000
2.203750
1.953750
1.686250
1.645000
1.582500
1.587500
1.568750
1.536250
1.497500
1.411250
1.407500
1.348750
1.390000
0.960000
0.947500
1.000000
1.837500
1.591250
1.757500
-0.051684
-0.051684
0.882500
0.781250
0.782500
1.050000
1.072500
1.100000
1.133750
1.712500
2.280000
2.391250
2.036250
1.810000
1.527500
1.511250
1.515000
1.540000
1.503750
1.423750
1.372500
1.368750
1.266250
1.035000
0.937500
0.937500
1.000000
1.835000
1.611250
1.752500
-0.051684
-0.051684
0.805000
0.786250
0.797500
1.066250
1.132500
1.250000
1.417500
1.841250
2.275000
2.015000
1.688750
2.118750
1.450000
1.210000
1.442500
1.470000
1.470000
1.360000
1.370000
1.336250
1.291250
0.992500
0.920000
0.922500
1.000000
1.817500
1.565000
1.702500
-0.051684
-0.051684
0.823750
0.818750
0.902500
1.092500
1.098750
1.167500
1.555000
2.028750
2.256250
2.407500
2.627500
2.541250
2.081250
1.607500
1.315000
1.415000
1.412500
1.368750
1.362500
1.291250
1.076250
0.927500
0.917500
0.911250
1.000000
1.960000
1.587500
1.672500
-0.051684
-0.051684
0.940000
0.760000
1.015000
1.113750
1.127500
1.161250
1.611250
2.058750
2.300000
2.337500
2.400000
2.535000
2.571250
2.098750
1.735000
1.106250
1.115000
1.358750
1.330000
1.067500
0.948750
0.940000
0.926250
0.911250
1.000000
1.823750
1.600000
1.733750
-0.051684
-0.051684
0.770000
0.767500
1.060000
1.126250
1.122500
1.235000
1.656250
2.007500
2.131250
2.266250
2.277500
2.403750
2.597500
2.648750
2.188750
1.726250
1.090000
1.063750
1.126250
1.071250
0.912500
0.930000
0.930000
0.928750
1.000000
1.796250
1.555000
-0.051684
-0.051684
-0.051684
0.802500
0.895000
1.193750
1.125000
1.161250
1.582500
1.780000
1.990000
2.260000
2.366250
2.330000
2.277500
2.488750
2.605000
2.627500
2.166250
1.091250
1.030000
0.961250
0.926250
0.925000
0.932500
0.937500
0.938750
1.000000
1.758750
1.518750
-0.051684
-0.051684
-0.051684
0.795000
0.812500
1.172500
1.055000
1.167500
1.221250
1.792500
2.022500
2.187500
2.237500
2.227500
2.297500
2.278750
2.348750
2.376250
2.336250
1.610000
0.980000
0.943750
0.937500
0.927500
0.927500
0.925000
0.918750
1.000000
1.770000
1.517500
-0.051684
-0.051684
-0.051684
0.785000
0.765000
0.797500
1.042500
1.152500
1.847500
1.907500
2.057500
2.123750
2.128750
2.170000
2.042500
1.996250
1.986250
2.003750
1.796250
1.011250
0.958750
0.935000
0.938750
0.940000
0.926250
0.925000
0.947500
1.000000
2.000000
1.587500
-0.051684
-0.051684
0.785000
0.818750
0.767500
0.785000
1.095000
1.160000
1.872500
1.905000
1.972500
2.033750
2.040000
2.051250
1.941250
1.687500
1.636250
1.130000
1.035000
1.017500
0.961250
0.940000
0.950000
0.938750
0.956250
0.946250
0.933750
1.000000
1.805000
1.606250
-0.051684
-0.051684
0.863750
0.767500
0.765000
0.786250
1.103750
1.577500
1.862500
1.870000
1.860000
1.852500
1.905000
1.910000
1.605000
1.652500
1.215000
1.056250
1.012500
1.026250
1.070000
1.047500
0.961250
0.962500
0.941250
0.936250
0.925000
1.000000
1.767500
1.573750
-0.051684
-0.051684
0.925000
0.815000
0.768750
0.770000
1.168750
1.795000
1.823750
1.817500
1.795000
1.762500
1.715000
1.672500
1.608750
1.546250
1.506250
1.176250
1.078750
1.061250
1.082500
0.987500
0.987500
1.035000
0.935000
0.935000
0.933750
1.000000
1.710000
-0.051684
-0.051684
-0.051684
0.847500
0.807500
0.812500
0.831250
1.317500
1.827500
1.787500
1.787500
1.775000
1.716250
1.621250
1.625000
1.577500
1.503750
1.078750
1.046250
1.106250
1.098750
1.093750
0.963750
0.960000
1.038750
0.950000
0.947500
0.942500
1.000000
1.851250
-0.051684
-0.051684
-0.051684
0.816250
0.767500
1.200000
1.391250
1.350000
1.455000
1.861250
1.885000
1.747500
1.680000
1.620000
1.590000
1.520000
1.421250
1.245000
1.128750
1.136250
1.023750
1.000000
0.983750
1.002500
0.948750
0.946250
0.918750
0.930000
1.000000
1.871250
-0.051684
-0.051684
-0.051684
0.800000
0.762500
0.855000
0.910000
1.440000
1.927500
1.887500
1.922500
1.516250
1.477500
1.575000
1.510000
1.495000
1.362500
1.217500
1.137500
1.178750
1.012500
1.000000
0.975000
0.981250
0.972500
0.896250
0.897500
0.913750
1.000000
1.941250
-0.051684
-0.051684
-0.051684
0.758750
0.766250
0.815000
0.933750
1.515000
1.953750
1.902500
1.850000
1.756250
1.332500
1.370000
1.140000
1.137500
1.045000
1.011250
1.082500
1.105000
1.071250
1.028750
0.978750
0.998750
1.007500
1.006250
1.006250
0.926250
1.000000
1.906250
-0.051684
-0.051684
0.800000
0.800000
0.800000
0.772500
0.987500
1.596250
1.927500
1.887500
1.831250
1.756250
1.440000
1.281250
1.251250
1.275000
1.222500
1.173750
1.156250
1.181250
1.106250
1.080000
0.981250
0.981250
0.950000
0.982500
1.017500
1.037500
1.000000
0.974158
-0.051684
-0.051684
0.792500
0.800000
0.752500
0.782500
1.647500
1.651250
1.947500
1.837500
1.775000
1.731250
1.598750
1.192500
1.077500
1.132500
1.122500
1.121250
1.116250
1.035000
1.040000
1.092500
0.995000
0.980000
0.955000
0.947500
0.956250
0.943750
1.000000
0.974158
-0.051684
-0.051684
0.762500
0.755000
0.761250
0.767500
1.122500
1.082500
1.932500
1.853750
1.786250
1.656250
1.526250
1.145000
1.057500
1.058750
1.132500
1.256250
1.142500
1.065000
1.065000
1.015000
0.963750
0.958750
0.948750
0.945000
0.941250
0.937500
1.000000
0.974158
-0.051684
0.833750
0.791250
0.800000
0.776250
0.772500
0.872500
1.345000
1.885000
1.770000
1.732500
1.670000
1.582500
1.348750
1.061250
1.065000
1.270000
1.337500
1.310000
1.210000
1.171250
1.188750
1.165000
1.602500
1.565000
1.093750
0.965000
0.967500
1.000000
0.974158
-0.051684
0.868750
0.782500
0.751250
0.773750
0.805000
0.790000
1.871250
1.852500
1.783750
1.723750
1.711250
1.712500
1.611250
1.215000
1.277500
1.332500
1.393750
1.357500
1.107500
1.107500
1.395000
1.870000
1.887500
1.910000
1.948750
1.856250
1.821250
1.000000
0.974158
-0.051684
0.860000
0.826250
0.877500
0.922500
0.805000
0.790000
1.907500
1.845000
1.806250
1.782500
1.798750
1.742500
1.711250
1.585000
1.367500
1.166250
1.165000
1.133750
1.121250
1.628750
1.807500
1.872500
1.895000
1.906250
1.992500
2.031250
2.076250
1.000000
0.974158
-0.051684
0.800000
0.772500
0.772500
0.765000
0.770000
0.772500
1.257500
1.865000
1.845000
1.802500
1.757500
1.721250
1.697500
1.700000
1.538750
1.451250
1.207500
1.530000
1.667500
1.690000
1.808750
1.846250
1.902500
1.943750
2.028750
2.035000
1.995000
1.000000
0.974158
-0.051684
0.801250
0.800000
0.865000
0.867500
0.766250
0.785000
1.620000
1.865000
1.807500
1.788750
1.772500
1.765000
1.697500
1.643750
1.625000
1.598750
1.568750
1.571250
1.702500
1.743750
1.790000
1.917500
1.935000
1.936250
2.033750
2.030000
2.000000
1.000000
0.974158
-0.051684
0.766250
0.785000
0.872500
0.945000
0.780000
0.750000
0.787500
1.872500
1.891250
1.848750
1.797500
1.805000
1.672500
1.621250
1.607500
1.606250
1.598750
1.653750
1.751250
1.767500
1.930000
2.042500
2.187500
1.960000
1.955000
2.063750
2.000000
1.000000
0.974158
-0.051684
0.800000
0.780000
0.827500
0.793750
0.806250
0.777500
0.977500
1.815000
1.835000
1.840000
1.830000
1.810000
1.665000
1.632500
1.658750
1.758750
1.805000
1.861250
1.925000
2.116250
2.372500
2.308750
2.446250
2.290000
2.256250
2.145000
2.000000
1.000000
0.974158
-0.051684
0.800000
0.825000
0.850000
0.965000
0.797500
0.787500
0.867500
1.785000
1.832500
1.853750
1.833750
1.830000
1.810000
1.837500
1.888750
2.017500
2.110000
2.130000
2.077500
2.086250
2.315000
2.383750
2.453750
2.487500
2.396250
2.407500
2.076250
1.000000
0.974158
-0.051684
0.808750
0.825000
1.023750
0.800000
0.771250
0.795000
0.797500
1.775000
1.823750
1.853750
1.840000
1.852500
2.122500
2.058750
2.098750
2.177500
2.177500
2.115000
2.066250
2.092500
2.157500
2.367500
2.382500
2.425000
2.502500
2.595000
2.287500
1.000000
1.653750
-0.051684
-0.051684
0.861250
0.835000
0.891250
0.800000
0.810000
0.845000
1.842500
1.852500
1.842500
1.856250
1.987500
2.082500
2.053750
2.123750
2.031250
2.035000
2.063750
2.196250
2.161250
2.227500
2.225000
2.257500
2.310000
2.368750
2.525000
2.373750
1.000000
2.000000
-0.051684
-0.051684
0.778750
0.848750
0.800000
0.800000
0.770000
0.977500
1.707500
1.758750
1.770000
1.955000
1.951250
2.060000
2.078750
2.128750
2.043750
2.040000
2.040000
2.043750
2.160000
2.173750
2.250000
2.242500
2.171250
2.202500
2.300000
2.330000
1.000000
2.000000
-0.051684
-0.051684
0.887500
0.881250
0.893750
0.800000
0.800000
0.840000
0.965000
1.787500
1.871250
1.991250
2.071250
2.041250
2.053750
2.025000
2.070000
2.096250
2.130000
2.112500
2.072500
2.072500
2.163750
2.147500
2.068750
2.057500
2.145000
2.227500
1.000000
2.000000
0.871250
-0.051684
-0.051684
0.843750
0.967500
0.808750
0.800000
0.800000
0.936250
1.808750
1.957500
2.006250
2.056250
2.056250
2.082500
2.100000
2.105000
2.085000
2.076250
2.095000
2.086250
2.080000
2.127500
2.158750
2.150000
2.203750
2.241250
2.150000
1.000000
2.000000
1.975000
-0.051684
-0.051684
0.800000
0.780000
0.800000
0.800000
0.800000
1.051250
1.808750
1.877500
1.980000
2.055000
2.032500
2.055000
2.136250
2.192500
2.147500
2.142500
2.125000
2.106250
2.111250
2.162500
2.195000
2.180000
2.192500
2.152500
2.128750
1.000000
2.000000
2.065000
-0.051684
-0.051684
0.771250
0.778750
0.800000
0.913750
0.800000
0.967500
1.385000
1.815000
2.047500
2.012500
2.030000
2.025000
2.077500
2.117500
2.096250
2.101250
2.160000
2.168750
2.196250
2.241250
2.172500
2.205000
2.251250
2.092500
2.066250
1.000000
2.000000
2.047500
-0.051684
-0.051684
0.757500
0.767500
1.040000
0.800000
0.823750
0.881250
1.540000
1.807500
1.955000
2.021250
2.032500
2.007500
2.017500
2.090000
2.113750
2.108750
2.116250
2.127500
2.177500
2.155000
2.242500
2.261250
2.247500
2.026250
2.045000
1.000000
2.000000
2.037500
-0.051684
-0.051684
0.752500
0.812500
0.800000
0.800000
0.785000
0.882500
1.261250
1.790000
1.920000
1.997500
1.971250
2.037500
2.055000
2.087500
2.112500
2.137500
2.157500
2.223750
2.211250
2.207500
2.173750
2.227500
2.270000
2.247500
2.037500
1.000000
2.000000
1.976250
1.007500
-0.051684
-0.051684
0.792500
0.800000
0.800000
0.800000
0.963750
1.562500
1.610000
1.946250
1.985000
1.982500
2.042500
2.086250
2.115000
2.068750
2.046250
2.157500
2.167500
2.162500
2.146250
2.202500
2.190000
2.162500
2.177500
2.076250
1.000000
2.000000
2.000000
1.917500
-0.051684
-0.051684
0.795000
0.800000
0.800000
0.800000
0.855000
0.870000
1.513750
1.877500
1.947500
2.030000
2.072500
2.116250
2.097500
2.142500
2.170000
2.200000
2.172500
2.146250
2.162500
2.231250
2.202500
2.196250
2.223750
2.058750
1.000000
2.000000
2.038750
1.911250
-0.051684
-0.051684
0.772500
0.796250
0.800000
0.800000
0.800000
0.876250
1.448750
1.737500
2.011250
2.015000
2.070000
2.112500
2.126250
2.167500
2.110000
2.187500
2.168750
2.145000
2.212500
2.207500
2.187500
2.186250
2.191250
2.025000
1.000000
2.000000
2.010000
1.946250
1.915000
-0.051684
-0.051684
0.866250
0.800000
0.763750
0.808750
0.816250
0.907500
1.646250
1.895000
2.016250
2.030000
2.130000
2.142500
2.170000
2.223750
2.195000
2.212500
2.175000
2.160000
2.150000
2.170000
2.170000
2.130000
2.006250
1.000000
2.000000
1.991250
1.962500
1.943750
-0.051684
-0.051684
0.861250
0.843750
0.795000
0.780000
0.843750
0.862500
1.332500
0.925000
1.712500
1.952500
2.095000
2.170000
2.145000
2.205000
2.145000
2.148750
2.172500
2.126250
2.117500
2.152500
2.075000
2.172500
2.003750
1.000000
2.000000
2.000000
1.981250
2.005000
2.028750
-0.051684
-0.051684
0.777500
0.817500
0.800000
0.893750
0.812500
0.787500
0.807500
1.813750
1.940000
1.935000
2.100000
2.133750
2.135000
2.156250
2.195000
2.140000
2.130000
2.191250
2.193750
2.125000
2.185000
2.013750
1.000000
2.000000
1.993750
1.997500
1.987500
2.002500
-0.051684
-0.051684
0.862500
0.875000
0.800000
0.801250
0.887500
0.836250
0.842500
1.443750
1.927500
2.021250
2.012500
2.152500
2.218750
2.192500
2.205000
2.142500
2.150000
2.170000
2.105000
2.096250
2.152500
2.107500
1.000000
2.000000
1.996250
1.980000
1.982500
2.010000
1.748750
-0.051684
-0.051684
0.753750
0.762500
0.761250
0.765000
0.957500
1.417500
1.685000
1.997500
2.060000
2.120000
2.150000
2.181250
2.180000
2.180000
2.180000
2.131250
2.127500
2.100000
2.153750
2.205000
2.095000
1.000000
2.000000
1.966250
1.978750
1.972500
1.983750
1.957500
-0.051684
-0.051684
0.788750
0.767500
0.800000
0.800000
0.900000
1.210000
1.737500
1.906250
2.040000
2.107500
2.155000
2.156250
2.143750
2.171250
2.165000
2.180000
2.107500
2.067500
2.168750
2.203750
2.080000
1.000000
2.000000
1.985000
1.965000
1.980000
1.973750
1.957500
1.940000
-0.051684
-0.051684
0.790000
0.800000
0.813750
0.800000
0.802500
0.861250
1.882500
2.011250
1.948750
1.940000
2.133750
2.165000
2.165000
2.165000
2.157500
2.087500
2.181250
2.181250
2.178750
2.111250
1.000000
2.000000
1.990000
1.956250
1.950000
1.957500
2.011250
2.035000
-0.051684
-0.051684
0.768750
0.761250
0.755000
0.773750
0.803750
0.800000
1.037500
1.875000
1.860000
1.907500
1.957500
2.108750
2.192500
2.135000
2.087500
2.067500
2.110000
2.096250
2.135000
2.073750
1.000000
2.000000
1.855000
1.917500
1.957500
1.940000
2.013750
2.026250
-0.051684
-0.051684
-0.051684
0.757500
0.800000
0.756250
0.772500
0.792500
0.827500
1.992500
1.935000
1.912500
1.982500
2.067500
2.055000
2.097500
1.945000
2.105000
2.061250
2.048750
2.092500
2.000000
1.000000
2.000000
1.900000
1.870000
1.987500
2.030000
2.027500
2.122500
1.998750
-0.051684
-0.051684
0.777500
0.835000
0.768750
0.806250
0.808750
0.815000
1.977500
1.947500
1.941250
1.983750
2.000000
1.987500
1.970000
1.978750
2.097500
2.097500
2.052500
2.068750
2.000000
1.000000
1.933750
1.772500
2.068750
2.010000
2.005000
2.055000
2.095000
1.656250
-0.051684
-0.051684
0.847500
0.751250
0.767500
0.755000
0.766250
0.821250
0.960000
1.997500
1.992500
1.965000
1.965000
2.017500
1.965000
2.110000
2.093750
2.036250
2.000000
2.026250
1.992500
1.000000
1.882500
1.700000
1.881250
2.033750
2.040000
2.061250
2.065000
2.050000
-0.051684
-0.051684
-0.051684
0.830000
0.831250
0.757500
0.807500
0.867500
1.717500
1.933750
1.933750
1.912500
1.903750
2.066250
2.047500
2.062500
2.062500
2.010000
1.922500
1.687500
1.687500
1.000000
1.815000
1.485000
1.838750
1.938750
2.055000
2.070000
2.122500
1.616250
-0.051684
-0.051684
-0.051684
0.805000
0.791250
0.785000
0.816250
0.822500
1.630000
2.002500
1.998750
1.982500
1.990000
1.955000
2.070000
2.045000
2.000000
1.903750
1.696250
1.072500
1.072500
1.000000
1.593750
1.077500
1.722500
2.092500
2.076250
2.120000
2.111250
-0.051684
-0.051684
-0.051684
-0.051684
-0.051684
0.920000
0.842500
0.820000
0.810000
1.788750
1.983750
1.852500
1.917500
1.855000
1.933750
1.967500
1.916250
1.918750
1.691250
1.047500
1.047500
1.077500
1.000000
1.380000
0.767500
1.432500
2.011250
2.087500
2.087500
2.095000
-0.051684
-0.051684
-0.051684
-0.051684
-0.051684
0.780000
0.952500
0.821250
0.840000
1.727500
1.876250
1.860000
2.006250
1.943750
2.008750
1.695000
1.345000
1.050000
1.045000
1.040000
1.058750
1.218750
1.000000
1.375000
0.751250
0.880000
1.857500
2.033750
2.103750
1.891250
-0.051684
-0.051684
-0.051684
-0.051684
-0.051684
-0.051684
0.940000
0.837500
0.888750
1.788750
1.877500
2.002500
1.745000
1.815000
1.886250
1.163750
1.052500
1.047500
1.046250
1.047500
1.120000
1.048750
1.000000
1.378750
0.756250
0.907500
1.831250
2.070000
2.121250
-0.051684
-0.051684
-0.051684
-0.051684
-0.051684
-0.051684
-0.051684
-0.051684
0.875000
1.495000
1.798750
1.935000
2.011250
1.543750
1.101250
1.033750
1.033750
1.045000
1.037500
1.080000
1.248750
1.116250
1.017500
1.000000
1.381250
0.761250
1.100000
1.865000
2.041250
2.123750
-0.051684
-0.051684
-0.051684
-0.051684
-0.051684
-0.051684
-0.051684
-0.051684
0.845000
0.942500
1.820000
1.940000
2.012500
1.216250
1.060000
1.063750
1.067500
1.043750
1.051250
1.138750
1.061250
0.848750
0.850000
1.000000
0.756250
0.777500
0.815000
1.885000
1.977500
-0.051684
-0.051684
-0.051684
-0.051684
-0.051684
-0.051684
-0.051684
-0.051684
-0.051684
-0.051684
0.852500
1.820000
1.928750
1.903750
1.177500
1.065000
1.065000
1.115000
1.080000
1.067500
0.842500
0.812500
0.767500
0.822500
0.800000
0.800000
0.800000
0.757500
0.897500
0.978750
-0.051684
-0.051684
-0.051684
-0.051684
-0.051684
-0.051684
-0.051684
-0.051684
-0.051684
-0.051684
0.830000
0.888750
0.946250
0.913750
0.796250
0.800000
0.800000
0.800000
0.800000
0.800000
0.800000
0.800000
0.800000
0.800000
0.800000
