2.000000
0.800000
0.800000
0.800000
0.798750
0.767500
0.772500
0.820000
0.766250
0.788750
-0.051684
1.035000
0.801250
-0.051684
-0.051684
1.012500
0.846250
0.800000
0.800000
0.990000
0.800000
0.800000
0.752500
0.800000
0.781250
0.800000
0.800000
0.777500
1.707500
2.000000
2.000000
0.800000
0.800000
0.800000
0.767500
0.800000
0.753750
0.770000
0.750000
0.772500
0.792500
-0.051684
-0.051684
-0.051684
-0.051684
0.805000
0.860000
0.789260
0.800000
0.800000
0.787500
0.800000
0.763750
0.757500
0.755000
0.767500
0.800000
0.820000
1.498750
2.000000
2.000000
0.800000
0.780000
0.760000
0.751250
0.773750
0.791250
0.800000
0.767500
0.800000
0.755000
0.800000
-0.051684
-0.051684
-0.051684
0.821250
0.892500
0.800000
0.770000
0.788750
0.788750
0.800000
0.848750
0.760000
0.768750
0.816250
0.800000
0.797500
1.458750
2.000000
2.000000
0.790000
0.800000
0.800000
0.773750
0.775000
0.760000
0.755000
0.775000
0.800000
0.800000
0.800000
0.787500
-0.051684
-0.051684
0.827500
0.951250
0.761250
0.755000
0.800000
0.755000
0.765000
0.856250
0.907500
0.760000
0.818750
0.757500
0.797500
1.512500
2.000000
2.000000
0.752500
0.800000
0.756250
0.800000
0.800000
0.840000
0.800000
0.800000
0.756250
0.770000
0.766250
0.758750
1.063750
-0.051684
-0.051684
0.825000
0.756250
0.755000
0.757500
0.796250
0.817500
0.787500
0.822500
0.800000
0.847500
1.267500
1.201250
1.505000
2.000000
2.000000
0.788750
0.752500
0.757500
0.800000
0.800000
0.805000
0.770000
0.773750
0.800000
0.750000
0.768750
0.908750
-0.051684
-0.051684
-0.051684
0.753750
0.800000
0.800000
0.767500
0.847500
0.772500
0.800000
0.820000
0.815000
0.756250
0.850000
0.788750
1.403750
2.000000
2.000000
0.800000
0.795000
0.752500
0.800000
0.775000
0.767500
-0.051684
-0.051684
0.852500
0.755000
0.892500
-0.051684
-0.051684
-0.051684
0.907500
0.777500
0.800000
0.800000
0.800000
0.753750
0.787500
0.762500
0.800000
0.752500
0.755000
0.752500
0.760000
1.488750
2.000000
2.000000
0.800000
0.800000
0.785000
0.787500
-0.051684
-0.051684
-0.051684
-0.051684
-0.051684
-0.051684
-0.051684
-0.051684
-0.051684
-0.051684
-0.051684
0.966250
0.800000
0.800000
0.823750
0.800000
0.762500
0.775000
0.770000
0.800000
0.800000
0.800000
0.761250
1.475000
2.000000
2.000000
0.800000
0.800000
0.887500
-0.051684
-0.051684
0.836250
0.750000
0.800000
-0.051684
-0.051684
-0.051684
-0.051684
1.026250
0.923750
-0.051684
1.007500
0.800000
0.800000
0.760000
0.780000
0.820000
0.771250
0.825000
0.800000
0.756250
0.755000
0.800000
1.415000
2.000000
2.000000
0.767500
0.798750
0.990000
-0.051684
-0.051684
0.922500
0.755000
0.776250
-0.051684
0.767500
-0.051684
-0.051684
0.875000
-0.051684
-0.051684
0.970000
0.771250
0.800000
0.800000
0.857500
0.836250
0.776250
0.817500
0.843750
0.761250
0.810000
0.752500
1.405000
2.000000
2.000000
0.831250
0.852500
-0.051684
-0.051684
-0.051684
-0.051684
-0.051684
-0.051684
-0.051684
-0.051684
-0.051684
1.322500
1.055000
-0.051684
-0.051684
0.900000
0.827500
0.800000
0.800000
0.761250
0.958750
0.782500
0.830000
0.782500
0.770000
0.810000
0.798750
1.442500
2.000000
2.000000
0.933750
-0.051684
-0.051684
0.915000
0.818750
-0.051684
-0.051684
-0.051684
-0.051684
-0.051684
0.792500
1.045000
-0.051684
-0.051684
0.797500
0.907500
0.882500
0.772500
0.800000
0.800000
0.955000
0.752680
0.877500
0.770000
0.795000
0.796250
0.788750
1.886250
2.000000
2.000000
-0.051684
0.770000
0.828750
0.896250
-0.051684
-0.051684
-0.051684
-0.051684
0.868750
0.775000
1.091250
1.233750
-0.051684
0.775000
1.228750
1.800000
1.976250
1.546250
0.782500
0.761250
0.752500
0.751250
0.765000
0.766250
0.815000
0.830000
1.705000
1.972500
2.000000
2.000000
0.856250
0.771250
0.806250
0.845000
-0.051684
-0.051684
-0.051684
-0.051684
0.845000
1.241250
1.245000
1.295000
-0.051684
0.792500
1.158750
1.621250
1.988750
2.138750
1.756250
0.867500
0.767500
0.752500
0.782500
0.837500
0.826250
0.882500
0.920000
1.956250
2.000000
2.000000
0.857500
0.800000
0.838750
-0.051684
-0.051684
-0.051684
-0.051684
-0.051684
-0.051684
1.167500
1.358750
1.128750
0.872500
0.805000
1.052500
1.620000
1.798750
1.882500
1.897500
1.878750
1.505000
0.878750
0.800000
0.838750
0.875000
0.878750
0.877500
1.962500
2.000000
2.000000
0.900000
0.877500
0.977500
-0.051684
-0.051684
-0.051684
-0.051684
-0.051684
-0.051684
-0.051684
1.372500
0.850000
0.875000
0.781250
0.777500
1.477500
1.647500
1.740000
1.645000
1.670000
1.565000
1.612500
0.886250
0.892500
0.961250
1.511250
1.270000
1.955000
2.000000
2.000000
0.800000
0.827500
0.845000
-0.051684
-0.051684
-0.051684
-0.051684
-0.051684
-0.051684
-0.051684
1.105000
0.823750
0.892500
0.793750
0.781250
0.842500
1.585000
1.613750
1.616250
1.505000
1.345000
1.407500
1.315000
1.307500
1.365000
1.495000
1.470000
1.888750
2.000000
2.000000
0.800000
0.857500
0.967500
0.851250
0.826250
0.805000
-0.051684
-0.051684
-0.051684
-0.051684
0.932500
0.923750
0.900000
0.795000
0.790000
0.813750
1.327500
1.481250
1.475000
1.436250
1.351250
1.230000
1.292500
1.305000
1.347500
1.372500
1.402500
1.821250
2.000000
2.000000
1.010000
0.942500
0.930000
0.800000
1.043750
0.807500
0.768750
0.783750
-0.051684
-0.051684
1.113750
1.442500
-0.051684
0.825000
0.790000
0.807500
1.101250
1.145000
1.373750
1.510000
1.308750
1.231250
1.246250
1.277500
1.380000
1.370000
1.382500
1.757500
2.000000
2.000000
0.802500
0.876250
0.753750
0.762500
0.945000
0.855000
0.762500
0.823750
0.776250
-0.051684
-0.051684
1.010000
-0.051684
0.856250
0.815000
0.782500
0.808750
0.877500
0.927500
1.422500
1.500000
1.342500
1.385000
1.306250
1.322500
1.342500
1.403750
1.788750
2.000000
2.000000
0.862500
0.872500
0.800000
0.800000
0.752500
0.887500
0.782500
0.752500
0.778750
-0.051684
-0.051684
-0.051684
-0.051684
-0.051684
-0.051684
0.780000
0.786250
0.832500
0.890000
0.887500
1.271250
1.352500
1.371250
1.300000
1.325000
1.350000
1.390000
1.802500
2.000000
2.000000
0.812500
0.788750
0.800000
0.752500
0.760000
0.817500
0.768750
0.792500
0.762500
0.782500
0.766250
-0.051684
-0.051684
-0.051684
-0.051684
-0.051684
0.792500
0.796250
0.827500
0.852500
0.875000
0.925000
1.213750
1.341250
1.320000
1.487500
1.510000
1.806250
2.000000
2.000000
0.807500
0.800000
0.800000
0.792500
0.797500
0.825000
0.800000
0.800000
0.800000
0.770000
0.850000
0.785000
-0.051684
-0.051684
-0.051684
-0.051684
-0.051684
-0.051684
-0.051684
-0.051684
-0.051684
-0.051684
0.948750
1.365000
1.353750
1.277500
1.495000
1.788750
2.000000
2.000000
0.828750
0.767500
0.797500
0.837500
0.855000
0.827500
0.871250
0.800000
0.800000
0.800000
0.800000
0.762500
0.816250
-0.051684
-0.051684
1.050000
1.152500
-0.051684
-0.051684
-0.051684
-0.051684
-0.051684
-0.051684
1.252500
1.380000
1.222500
1.466250
1.762500
2.000000
2.000000
0.782500
0.792500
0.883750
0.902500
0.826250
-0.051684
0.770000
0.761250
0.800000
0.800000
0.861250
0.800000
0.808750
-0.051684
-0.051684
1.190000
1.206250
1.220000
1.282500
-0.051684
-0.051684
0.771250
-0.051684
1.100000
1.367500
1.340000
1.510000
1.766250
2.000000
2.000000
0.800000
0.800000
0.800000
0.772500
0.833750
-0.051684
-0.051684
-0.051684
-0.051684
0.800000
0.848750
0.768750
-0.051684
-0.051684
0.750000
1.168750
0.805000
0.790000
-0.051684
-0.051684
-0.051684
0.788750
-0.051684
1.083750
1.360000
1.417500
1.526250
1.806250
2.000000
2.000000
0.883750
0.800000
0.800000
0.780000
0.837500
-0.051684
-0.051684
0.756250
-0.051684
-0.051684
-0.051684
-0.051684
-0.051684
-0.051684
-0.051684
-0.051684
-0.051684
-0.051684
-0.051684
-0.051684
0.980000
-0.051684
1.275000
1.163750
1.335000
1.333750
1.521250
1.802500
2.000000
2.000000
0.782500
0.800000
0.757500
0.853750
0.840000
-0.051684
-0.051684
0.800000
-0.051684
-0.051684
-0.051684
-0.051684
-0.051684
-0.051684
-0.051684
-0.051684
-0.051684
-0.051684
-0.051684
-0.051684
-0.051684
-0.051684
1.102500
1.153750
1.345000
1.408750
1.516250
1.827500
2.000000
2.000000
0.800000
0.800000
0.941250
0.800000
0.773750
0.792500
0.763750
-0.051684
-0.051684
0.765000
-0.051684
-0.051684
-0.051684
-0.051684
-0.051684
-0.051684
-0.051684
-0.051684
-0.051684
0.776250
-0.051684
1.227500
1.156250
1.166250
1.230000
1.430000
1.516250
1.796250
2.000000
2.000000
0.822500
0.800000
0.857500
0.757500
0.800000
0.800000
0.840000
0.796250
-0.051684
0.798750
-0.051684
-0.051684
-0.051684
0.767500
0.775000
-0.051684
-0.051684
-0.051684
0.767500
-0.051684
1.050000
1.181250
1.267500
1.315000
1.416250
1.331250
1.531250
1.848750
2.000000
2.000000
0.795000
0.803750
0.888750
0.800000
0.800000
0.830000
0.792500
0.767500
0.793750
0.753750
0.780000
-0.051684
0.758750
-0.051684
-0.051684
-0.051684
-0.051684
-0.051684
-0.051684
-0.051684
0.922500
0.967500
-0.051684
-0.051684
-0.051684
-0.051684
-0.051684
1.840000
2.000000
2.000000
0.777500
0.800000
0.795000
0.800000
0.880000
0.775000
0.763750
0.800000
0.800000
0.790000
0.866250
-0.051684
0.760000
-0.051684
-0.051684
-0.051684
0.871250
-0.051684
-0.051684
0.917500
0.911250
-0.051684
-0.051684
0.750000
0.750000
0.750000
-0.051684
1.861250
2.000000
2.000000
0.800000
0.800000
0.851250
0.755000
0.882500
0.800000
0.781250
0.785000
0.772500
0.802500
0.877500
-0.051684
-0.051684
-0.051684
-0.051684
0.870000
-0.051684
1.053750
0.947500
0.967500
-0.051684
-0.051684
0.755000
0.750000
0.750000
0.750000
1.112500
0.974158
2.000000
2.000000
0.775000
0.800000
0.770000
0.768750
0.800000
0.800000
0.800000
0.800000
0.767500
0.767500
0.750000
-0.051684
-0.051684
-0.051684
-0.051684
0.755000
-0.051684
-0.051684
-0.051684
-0.051684
-0.051684
0.871250
0.756250
0.752500
0.780000
0.765000
1.020000
1.525000
2.000000
2.000000
0.825000
0.763750
0.773750
0.912500
0.800000
0.800000
0.800000
0.800000
0.800000
0.800000
0.755000
0.805000
-0.051684
-0.051684
-0.051684
0.752500
0.755000
-0.051684
-0.051684
-0.051684
0.786250
0.815000
0.800000
0.800000
1.008750
1.070000
-0.051684
1.933750
2.000000
2.000000
0.770000
0.800000
0.800000
0.765000
0.800000
0.800000
0.800000
0.800000
0.800000
0.800000
0.792500
0.866250
-0.051684
0.757500
0.760000
0.783750
0.756250
0.800000
0.800000
0.800000
0.800000
0.755000
0.762500
0.800000
0.826250
-0.051684
1.337500
1.872500
2.000000
2.000000
0.800000
0.800000
0.800000
0.800000
0.762500
0.800000
0.800000
0.800000
0.800000
0.800000
0.800000
0.815000
0.767500
0.787500
0.800000
0.800000
0.805000
0.800000
0.800000
0.800000
0.800000
0.800000
0.800000
0.807500
-0.051684
-0.051684
1.747500
1.830000
2.000000
2.000000
0.800000
0.800000
0.770000
0.800000
0.800000
0.785000
0.800000
0.775000
0.800000
0.800000
0.770000
0.770000
0.757500
0.770000
0.800000
0.800000
0.765000
0.800000
0.800000
0.800000
0.800000
0.800000
0.756250
-0.051684
-0.051684
1.796250
1.642500
1.742500
2.000000
2.000000
0.800000
0.797500
0.767500
0.755000
0.800000
0.800000
0.800000
0.797500
0.800000
0.800000
0.750000
0.800000
0.772500
0.765000
0.750000
0.763750
0.778750
0.800000
0.800000
0.800000
0.800000
0.800000
1.205000
-0.051684
1.827500
1.755000
1.547500
1.798750
2.000000
2.000000
0.800000
0.800000
0.800000
0.782500
0.766250
0.800000
0.800000
0.800000
0.753750
0.778750
0.837500
0.800000
0.770000
0.776250
0.775000
0.810000
0.767500
0.800000
0.800000
0.800000
0.800000
0.762500
-0.051684
-0.051684
1.752500
1.657500
1.602500
1.798750
2.000000
2.000000
0.757500
0.800000
0.800000
0.773750
0.770000
0.770000
0.800000
0.800000
0.768750
0.827500
0.777500
0.755000
0.800000
0.828750
0.807500
0.790000
0.800000
0.800000
0.800000
0.800000
0.800000
1.215000
-0.051684
1.765000
1.721250
1.566250
1.687500
1.840000
2.000000
2.000000
1.557500
0.755000
0.750000
0.772500
0.750000
0.776250
0.800000
0.800000
0.800000
0.785000
0.752500
0.800000
0.780000
0.766250
0.800000
0.800000
0.800000
0.800000
0.800000
0.800000
0.800000
-0.051684
-0.051684
1.755000
1.605000
1.675000
1.746250
1.842500
2.000000
2.000000
0.977500
0.863750
0.800000
1.020000
1.145000
0.800000
0.780000
0.751250
0.768750
0.800000
0.795000
0.800000
0.800000
0.800000
0.800000
0.800000
0.800000
0.798750
0.771250
0.800000
0.891250
-0.051684
1.390000
1.720000
1.591250
1.710000
1.627500
1.676250
2.000000
2.000000
0.985000
1.070000
0.800000
0.777500
1.235000
0.762500
0.786250
0.782500
0.768750
0.772500
0.782500
0.762500
0.800000
0.800000
0.800000
0.757500
0.763750
0.762500
0.847500
0.800000
-0.051684
-0.051684
1.803750
1.642500
1.647500
1.682500
1.655000
1.708750
2.000000
2.000000
0.930000
0.952500
0.800000
0.800000
1.147500
1.407500
0.800000
0.800000
0.760000
0.777500
0.768750
0.798750
0.800000
0.800000
0.800000
0.812500
0.756250
0.771250
0.762500
0.755000
-0.051684
1.168750
1.720000
1.690000
1.710000
1.781250
1.376250
1.707500
2.000000
2.000000
0.928750
0.950000
0.997500
0.800000
1.135000
1.635000
0.800000
0.800000
0.800000
0.800000
0.765000
0.800000
0.800000
0.800000
0.800000
0.762500
0.800000
0.758750
0.788750
1.141250
-0.051684
1.783750
1.655000
1.731250
1.757500
1.785000
1.368750
1.683750
2.000000
2.000000
0.955000
0.958750
0.937500
0.945000
1.311250
1.735000
0.800000
0.800000
0.800000
0.800000
0.800000
0.792500
0.792500
0.770000
0.777500
0.760000
0.757500
1.213750
1.507500
-0.051684
-0.051684
1.807500
1.802500
1.765000
1.800000
1.798750
1.380000
1.687500
2.000000
2.000000
0.957500
0.955000
0.920000
0.932500
1.375000
1.843750
0.877500
0.753750
0.783750
0.800000
0.755000
1.031250
1.472500
1.476250
1.452500
1.395000
1.410000
1.416250
1.471250
-0.051684
1.833750
1.782500
1.855000
1.773750
1.787500
1.760000
1.391250
1.698750
2.000000
2.000000
0.923750
0.897500
0.926250
0.917500
1.263750
1.791250
1.883750
1.667500
0.891250
0.772500
1.052500
1.385000
1.360000
1.293750
1.427500
1.263750
1.327500
1.540000
-0.051684
-0.051684
1.757500
1.861250
1.881250
1.831250
1.835000
1.608750
1.382500
1.696250
2.000000
2.000000
0.977500
0.897500
0.925000
1.457500
1.560000
1.658750
1.722500
1.677500
1.582500
1.242500
1.453750
1.376250
1.328750
1.297500
1.206250
1.037500
1.050000
-0.051684
-0.051684
1.853750
1.680000
1.875000
1.895000
1.698750
1.555000
1.562500
1.448750
1.715000
2.000000
2.000000
0.988750
0.947500
0.947500
1.508750
1.626250
1.648750
1.621250
1.606250
1.490000
1.538750
1.530000
1.418750
1.461250
1.325000
1.157500
1.030000
1.040000
-0.051684
-0.051684
1.822500
1.871250
1.866250
1.842500
1.615000
1.751250
1.837500
1.740000
1.695000
2.000000
2.000000
0.902500
0.926250
1.166250
1.501250
1.565000
1.627500
1.642500
1.703750
1.637500
1.632500
1.345000
1.113750
1.011250
1.027500
-0.051684
-0.051684
-0.051684
-0.051684
1.658750
1.812500
1.823750
1.856250
1.815000
1.766250
1.792500
1.740000
1.741250
1.833750
2.000000
2.000000
0.902500
0.930000
1.316250
1.357500
1.571250
1.601250
1.715000
1.772500
1.747500
1.082500
-0.051684
-0.051684
-0.051684
-0.051684
-0.051684
-0.051684
-0.051684
1.661250
1.641250
1.840000
1.840000
1.770000
1.750000
1.752500
1.720000
1.735000
1.710000
1.877500
2.000000
2.000000
1.020000
1.662500
1.232500
1.356250
1.618750
1.761250
1.763750
1.747500
-0.051684
-0.051684
-0.051684
-0.051684
-0.051684
-0.051684
-0.051684
1.196250
1.495000
1.631250
1.890000
1.853750
1.770000
1.741250
1.718750
1.662500
1.677500
1.697500
1.630000
1.836250
2.000000
2.000000
1.435000
1.671250
1.545000
1.473750
1.710000
1.782500
1.720000
-0.051684
-0.051684
-0.051684
-0.051684
0.886250
0.882500
0.956250
1.671250
1.708750
1.750000
1.780000
1.777500
1.775000
1.740000
1.671250
1.698750
1.632500
1.623750
1.607500
1.602500
1.792500
2.000000
2.000000
1.785000
1.750000
1.658750
1.703750
1.826250
1.717500
-0.051684
-0.051684
-0.051684
0.875000
0.887500
0.876250
0.872500
1.158750
1.632500
1.718750
1.756250
1.725000
1.771250
1.766250
1.685000
1.680000
1.663750
1.602500
1.598750
1.566250
1.530000
1.786250
2.000000
2.000000
1.785000
1.777500
1.760000
1.775000
1.768750
1.717500
-0.051684
-0.051684
0.893750
0.873750
0.922500
0.860000
1.092500
1.487500
1.552500
1.725000
1.768750
1.752500
1.755000
1.762500
1.658750
1.660000
1.635000
1.611250
1.588750
1.511250
1.510000
1.743750
2.000000
2.000000
1.745000
1.800000
1.761250
1.750000
1.802500
-0.051684
-0.051684
0.937500
0.883750
0.861250
0.867500
0.940000
1.210000
1.466250
1.562500
1.691250
1.672500
1.693750
1.713750
1.738750
1.652500
1.648750
1.607500
1.572500
1.553750
1.492500
1.411250
1.516250
2.000000
2.000000
1.775000
1.791250
1.760000
1.762500
-0.051684
-0.051684
-0.051684
0.878750
0.852500
0.866250
0.976250
1.058750
1.196250
1.501250
1.652500
1.638750
1.650000
1.672500
1.717500
1.667500
1.652500
1.622500
1.585000
1.465000
1.448750
1.197500
1.302500
1.576250
2.000000
2.000000
1.845000
1.802500
1.812500
0.985000
-0.051684
-0.051684
0.895000
0.883750
0.851250
0.986250
1.057500
1.113750
1.177500
1.465000
1.611250
1.637500
1.636250
1.691250
1.685000
1.651250
1.585000
1.592500
1.532500
1.478750
1.205000
1.070000
1.173750
1.702500
2.000000
2.000000
1.787500
1.821250
1.785000
-0.051684
-0.051684
0.900000
0.831250
0.838750
1.005000
1.030000
1.075000
1.111250
1.268750
1.671250
1.651250
1.646250
1.655000
1.687500
1.635000
1.605000
1.570000
1.556250
1.537500
1.460000
1.145000
1.146250
1.272500
1.681250
2.000000
2.000000
1.786250
1.820000
1.785000
-0.051684
0.897500
0.802500
0.805000
0.997500
1.012500
1.005000
1.071250
1.170000
1.190000
1.705000
1.712500
1.695000
1.652500
1.622500
1.647500
1.591250
1.616250
1.556250
1.538750
1.455000
1.137500
1.282500
1.285000
1.711250
2.000000
2.000000
1.798750
1.842500
1.735000
-0.051684
0.912500
0.801250
0.803750
0.995000
1.016250
1.005000
1.038750
1.092500
1.346250
1.805000
1.763750
1.672500
1.628750
1.630000
1.640000
1.593750
1.573750
1.543750
1.542500
1.446250
1.243750
1.273750
1.283750
1.708750
2.000000
2.000000
1.786250
1.823750
1.017500
-0.051684
0.865000
0.792500
0.973750
1.020000
1.042500
1.050000
1.061250
1.203750
1.933750
1.855000
1.735000
1.732500
1.666250
1.630000
1.572500
1.603750
1.590000
1.567500
1.500000
1.353750
1.340000
1.327500
1.273750
1.682500
2.000000
2.000000
1.760000
1.792500
0.892500
-0.051684
0.865000
0.802500
1.026250
1.032500
1.052500
1.060000
1.131250
1.735000
1.982500
1.862500
1.753750
1.717500
1.662500
1.602500
1.575000
1.595000
1.596250
1.563750
1.487500
1.337500
1.370000
1.316250
1.350000
1.632500
2.000000
2.000000
1.717500
1.793750
0.788750
0.897500
0.852500
0.793750
1.018750
1.021250
1.070000
1.058750
1.566250
1.838750
2.038750
2.065000
1.833750
1.745000
1.670000
1.582500
1.595000
1.586250
1.558750
1.526250
1.483750
1.403750
1.400000
1.395000
1.142500
1.487500
2.000000
2.000000
1.747500
1.797500
-0.051684
0.987500
0.880000
0.773750
1.048750
1.001250
1.053750
1.088750
1.647500
2.111250
2.293750
2.372500
1.905000
1.763750
1.597500
1.517500
1.535000
1.542500
1.547500
1.457500
1.437500
1.393750
1.266250
1.077500
0.977500
1.473750
2.000000
2.000000
1.715000
1.777500
-0.051684
0.925000
0.847500
0.785000
1.040000
1.072500
1.132500
1.232500
1.621250
2.256250
2.272500
2.007500
2.036250
1.872500
1.575000
1.410000
1.488750
1.502500
1.500000
1.390000
1.382500
1.362500
1.303750
1.077500
0.916250
1.473750
2.000000
2.000000
1.680000
1.812500
-0.051684
1.001250
0.858750
0.800000
1.086250
1.066250
1.128750
1.465000
1.793750
2.245000
2.313750
2.147500
2.062500
2.382500
1.822500
1.217500
1.396250
1.457500
1.407500
1.370000
1.370000
1.295000
1.175000
1.005000
0.921250
1.461250
2.000000
2.000000
1.660000
1.785000
-0.051684
1.028750
0.873750
0.840000
1.128750
1.111250
1.115000
1.550000
1.976250
2.250000
2.350000
2.500000
2.518750
2.541250
2.226250
1.828750
1.276250
1.445000
1.410000
1.361250
1.317500
1.150000
0.952500
0.941250
0.927500
1.458750
2.000000
2.000000
1.652500
1.756250
-0.051684
0.922500
0.772500
0.853750
1.088750
1.113750
1.145000
1.591250
1.988750
2.122500
2.346250
2.630000
2.390000
2.565000
2.573750
2.280000
1.832500
1.458750
1.110000
1.257500
1.207500
1.105000
0.915000
0.951250
0.942500
1.471250
2.000000
2.000000
1.705000
1.777500
-0.051684
0.957500
0.781250
0.882500
1.195000
1.126250
1.213750
1.645000
1.957500
2.086250
2.342500
2.320000
2.281250
2.491250
2.605000
2.645000
2.492500
1.915000
1.102500
1.026250
0.990000
0.953750
0.927500
0.945000
0.930000
1.476250
2.000000
2.000000
1.653750
1.762500
-0.051684
0.995000
0.800000
1.356250
1.165000
1.138750
1.448750
1.620000
1.963750
2.115000
2.275000
2.290000
2.263750
2.292500
2.430000
2.382500
2.522500
2.503750
1.772500
1.008750
0.962500
0.933750
0.932500
0.937500
0.928750
1.475000
2.000000
2.000000
1.643750
1.368750
-0.051684
0.921250
0.848750
0.792500
0.896250
1.042500
1.296250
1.750000
1.997500
2.142500
2.142500
2.135000
2.250000
2.042500
2.078750
2.127500
2.003750
1.820000
1.611250
0.972500
0.946250
0.942500
0.940000
0.926250
0.925000
1.472500
2.000000
2.000000
1.645000
-0.051684
-0.051684
0.900000
0.845000
0.782500
1.021250
1.091250
1.838750
1.880000
1.960000
2.046250
2.052500
2.085000
2.126250
2.110000
1.847500
1.740000
1.570000
1.047500
1.010000
0.962500
0.935000
0.947500
0.945000
0.932500
0.937500
1.506250
2.000000
2.000000
1.742500
-0.051684
-0.051684
0.835000
0.845000
0.770000
0.870000
1.110000
1.850000
1.877500
1.918750
1.860000
1.905000
1.945000
1.917500
1.607500
1.652500
1.302500
1.052500
1.022500
1.017500
0.975000
0.940000
0.953750
0.963750
0.955000
0.950000
1.476250
2.000000
2.000000
1.710000
-0.051684
-0.051684
0.950000
0.860000
0.770000
1.101250
1.376250
1.820000
1.852500
1.817500
1.817500
1.803750
1.745000
1.673750
1.645000
1.571250
1.371250
1.095000
1.020000
1.062500
1.030000
0.987500
0.978750
0.970000
0.937500
0.931250
1.472500
2.000000
2.000000
1.670000
-0.051684
-0.051684
0.936250
0.898750
0.777500
1.182500
1.765000
1.808750
1.827500
1.805000
1.765000
1.751250
1.652500
1.675000
1.607500
1.575000
1.417500
1.012500
1.065000
1.077500
1.158750
0.990000
1.040000
1.061250
0.937500
0.943750
1.482500
2.000000
2.000000
1.630000
-0.051684
0.965000
0.840000
1.016250
0.827500
1.338750
1.376250
1.825000
1.828750
1.818750
1.772500
1.696250
1.638750
1.595000
1.537500
1.460000
1.320000
1.070000
1.106250
1.081250
1.022500
1.003750
1.048750
1.007500
1.027500
0.927500
1.542500
2.000000
2.000000
-0.051684
-0.051684
0.883750
0.852500
0.852500
0.897500
1.455000
1.340000
1.870000
1.872500
1.842500
1.676250
1.660000
1.607500
1.521250
1.512500
1.422500
1.310000
1.128750
1.177500
1.032500
0.991250
0.980000
0.992500
0.998750
0.916250
0.912500
1.478750
2.000000
2.000000
-0.051684
-0.051684
0.972500
0.788750
0.766250
0.890000
1.541250
1.947500
1.941250
1.931250
1.882500
1.780000
1.351250
1.488750
1.136250
1.137500
1.045000
1.070000
1.102500
1.226250
1.032500
1.033750
0.978750
0.967500
1.015000
0.925000
0.911250
1.472500
2.000000
2.000000
-0.051684
-0.051684
0.880000
0.800000
0.800000
0.887500
1.540000
1.945000
1.935000
1.912500
1.856250
1.767500
1.347500
1.415000
1.147500
1.150000
1.045000
1.071250
1.096250
1.210000
1.040000
1.007500
0.971250
0.975000
0.955000
0.987500
1.006250
1.480000
2.000000
2.000000
-0.051684
0.896250
0.792500
0.800000
0.800000
0.917500
1.555000
1.966250
1.958750
1.853750
1.795000
1.720000
1.607500
1.407500
1.136250
1.162500
1.172500
1.142500
1.158750
1.072500
1.150000
1.135000
0.991250
1.036250
0.952500
0.951250
0.987500
1.477500
2.000000
2.000000
-0.051684
1.023750
0.800000
0.800000
0.765000
1.127500
1.672500
1.968750
1.932500
1.842500
1.785000
1.700000
1.582500
1.480000
1.061250
1.131250
1.148750
1.221250
1.113750
1.088750
1.113750
1.046250
1.000000
0.955000
0.950000
0.947500
0.942500
1.475000
2.000000
2.000000
-0.051684
1.017500
0.800000
0.770000
0.751250
0.892500
0.918750
1.957500
1.910000
1.828750
1.746250
1.687500
1.611250
1.400000
1.063750
1.115000
1.288750
1.315000
1.188750
1.220000
1.150000
1.040000
0.963750
0.962500
0.956250
0.947500
0.941250
1.477500
2.000000
2.000000
-0.051684
1.032500
0.800000
0.753750
0.772500
0.865000
1.170000
1.925000
1.896250
1.822500
1.725000
1.690000
1.658750
1.578750
1.063750
1.277500
1.383750
1.371250
1.343750
1.183750
1.333750
1.188750
1.755000
1.745000
1.572500
1.548750
0.973750
1.668750
2.000000
2.000000
0.881250
0.997500
0.775000
0.757500
0.925000
0.808750
1.853750
1.893750
1.857500
1.783750
1.748750
1.761250
1.738750
1.688750
1.215000
1.255000
1.230000
1.180000
1.178750
1.105000
1.472500
1.861250
1.861250
1.867500
2.001250
2.027500
1.993750
1.910000
2.000000
2.000000
0.970000
0.800000
0.878750
0.956250
0.802500
0.756250
0.990000
1.945000
1.875000
1.803750
1.811250
1.778750
1.748750
1.706250
1.650000
1.505000
1.146250
1.055000
1.317500
1.610000
1.787500
1.843750
1.892500
1.916250
1.981250
2.027500
2.093750
2.133750
2.000000
2.000000
0.910000
0.800000
0.915000
0.893750
0.820000
0.800000
1.005000
1.908750
1.860000
1.837500
1.810000
1.781250
1.746250
1.708750
1.662500
1.608750
1.521250
1.525000
1.665000
1.702500
1.788750
1.846250
1.882500
1.946250
2.015000
2.041250
2.061250
2.072500
2.000000
2.000000
0.827500
0.777500
0.860000
0.927500
0.877500
0.788750
0.780000
1.880000
1.870000
1.827500
1.812500
1.818750
1.768750
1.682500
1.635000
1.622500
1.593750
1.368750
1.697500
1.738750
1.771250
1.911250
1.975000
1.943750
1.960000
2.058750
2.055000
1.990000
2.000000
2.000000
0.888750
0.797500
0.816250
0.883750
0.917500
0.760000
0.755000
1.840000
1.827500
1.850000
1.848750
1.807500
1.830000
1.678750
1.621250
1.637500
1.662500
1.650000
1.751250
1.768750
1.930000
2.010000
2.205000
2.207500
2.145000
2.136250
2.063750
2.043750
2.000000
2.000000
0.850000
0.800000
0.807500
0.967500
0.911250
0.855000
0.835000
1.773750
1.812500
1.832500
1.830000
1.826250
1.830000
1.662500
1.683750
1.746250
1.850000
1.852500
1.936250
2.095000
2.193750
2.321250
2.326250
2.425000
2.357500
2.290000
2.168750
2.160000
2.000000
2.000000
0.882500
0.870000
0.880000
0.875000
0.945000
0.887500
0.795000
1.791250
1.821250
1.855000
1.856250
1.830000
1.830000
1.898750
1.901250
1.975000
2.068750
2.143750
2.192500
2.051250
2.143750
2.321250
2.387500
2.425000
2.468750
2.396250
2.577500
2.353750
2.000000
2.000000
-0.051684
0.866250
0.808750
0.980000
0.888750
0.795000
0.887500
1.800000
1.821250
1.820000
1.845000
1.845000
2.108750
2.082500
2.095000
2.123750
2.037500
2.053750
2.115000
2.083750
2.128750
2.408750
2.343750
2.316250
2.360000
2.473750
2.655000
2.627500
2.000000
2.000000
-0.051684
0.960000
0.880000
0.905000
0.891250
0.800000
0.895000
1.343750
1.795000
1.785000
1.842500
1.962500
2.035000
2.056250
2.047500
2.112500
2.052500
2.057500
2.040000
2.186250
2.161250
2.250000
2.275000
2.242500
2.182500
2.305000
2.505000
2.677500
2.000000
2.000000
-0.051684
0.971250
0.851250
0.936250
0.963750
0.777500
0.795000
0.963750
1.795000
1.758750
1.953750
2.100000
2.035000
2.061250
2.115000
2.023750
2.085000
2.065000
2.062500
2.120000
2.078750
2.163750
2.260000
2.272500
2.087500
2.135000
2.295000
2.485000
2.000000
2.000000
1.782500
-0.051684
0.926250
0.913750
0.922500
0.822500
0.800000
1.017500
1.771250
1.863750
1.985000
2.045000
2.037500
1.960000
2.100000
2.062500
2.100000
2.100000
2.088750
2.132500
2.080000
2.110000
2.128750
2.152500
2.045000
2.132500
2.247500
2.345000
2.000000
2.002500
2.061250
-0.051684
0.903750
0.775000
0.920000
0.800000
0.800000
1.011250
1.781250
1.868750
2.002500
2.065000
2.055000
2.072500
2.131250
2.112500
2.100000
2.117500
2.107500
2.112500
2.086250
2.116250
2.173750
2.175000
2.182500
2.253750
2.150000
2.260000
2.000000
2.000000
2.025000
-0.051684
0.951250
0.836250
0.780000
0.800000
0.807500
1.026250
1.295000
1.823750
1.980000
1.978750
2.035000
2.090000
2.073750
2.110000
2.131250
2.132500
2.143750
2.165000
2.111250
2.167500
2.182500
2.176250
2.181250
2.233750
2.120000
2.188750
2.000000
2.008750
2.036250
-0.051684
0.891250
0.782500
0.955000
0.800000
0.925000
0.870000
1.230000
1.781250
1.953750
2.035000
2.026250
2.038750
2.027500
2.060000
2.132500
2.085000
2.067500
2.111250
2.202500
2.223750
2.237500
2.200000
2.246250
2.260000
2.022500
2.140000
2.000000
2.000000
2.035000
-0.051684
0.896250
0.767500
1.016250
0.800000
0.787500
0.792500
1.252500
1.757500
1.908750
1.990000
2.051250
2.022500
2.075000
2.077500
2.107500
2.148750
2.141250
2.117500
2.166250
2.211250
2.241250
2.190000
2.240000
2.302500
2.038750
2.097500
2.000000
2.000000
1.987500
1.898750
-0.051684
0.755000
0.888750
0.800000
0.800000
0.876250
1.252500
1.598750
1.891250
1.958750
2.048750
2.021250
2.047500
2.120000
2.106250
2.085000
2.132500
2.192500
2.191250
2.208750
2.207500
2.200000
2.240000
2.220000
2.313750
2.097500
2.000000
2.000000
1.986250
1.947500
-0.051684
0.827500
0.918750
0.800000
0.800000
0.800000
0.910000
1.477500
1.831250
1.950000
2.021250
2.020000
2.100000
2.121250
2.123750
2.085000
2.143750
2.192500
2.195000
2.156250
2.175000
2.196250
2.195000
2.155000
2.246250
2.112500
2.000000
2.000000
2.041250
1.945000
-0.051684
-0.051684
0.788750
0.996250
0.800000
0.800000
0.967500
1.378750
1.732500
1.930000
2.017500
2.065000
2.107500
2.121250
2.142500
2.160000
2.177500
2.210000
2.220000
2.163750
2.188750
2.223750
2.198750
2.236250
2.227500
2.095000
2.000000
2.001250
2.031250
1.942500
1.810000
-0.051684
0.865000
0.951250
0.927500
0.800000
1.022500
0.818750
1.496250
1.895000
2.018750
2.018750
2.123750
2.142500
2.158750
2.197500
2.157500
2.165000
2.176250
2.205000
2.190000
2.150000
2.182500
2.246250
2.207500
2.032500
2.000000
2.000000
2.037500
1.958750
1.928750
-0.051684
-0.051684
0.967500
0.843750
0.755000
0.930000
0.855000
1.315000
1.753750
1.630000
1.926250
2.078750
2.140000
2.176250
2.192500
2.227500
2.178750
2.205000
2.155000
2.132500
2.155000
2.177500
2.155000
2.182500
2.038750
2.000000
2.000000
2.011250
1.992500
1.987500
1.957500
-0.051684
0.875000
0.907500
0.996250
0.852500
0.865000
0.805000
0.795000
1.638750
1.937500
1.950000
2.098750
2.155000
2.148750
2.153750
2.157500
2.205000
2.147500
2.143750
2.191250
2.180000
2.166250
2.187500
2.057500
2.000000
2.000000
2.017500
1.986250
2.040000
2.006250
-0.051684
0.861250
0.828750
0.888750
0.800000
0.840000
0.825000
0.805000
1.346250
1.901250
2.082500
1.935000
2.147500
2.122500
2.173750
2.156250
2.188750
2.157500
2.156250
2.225000
2.197500
2.185000
2.192500
2.248750
2.000000
2.000000
2.002500
2.017500
1.992500
2.006250
1.965000
-0.051684
0.932500
0.816250
0.785000
0.830000
0.893750
0.943750
1.116250
1.887500
2.122500
2.075000
2.160000
2.186250
2.215000
2.210000
2.183750
2.130000
2.180000
2.156250
2.100000
2.205000
2.238750
2.203750
2.000000
2.000000
1.990000
1.990000
1.986250
1.967500
1.970000
-0.051684
0.873750
0.767500
0.800000
0.792500
0.878750
1.175000
1.558750
1.906250
2.022500
2.101250
2.180000
2.147500
2.162500
2.166250
2.182500
2.168750
2.190000
2.147500
2.162500
2.171250
2.231250
2.233750
2.000000
2.000000
1.966250
1.968750
1.965000
1.978750
1.977500
1.735000
-0.051684
0.872500
0.782500
0.772500
0.827500
0.817500
1.050000
1.878750
2.003750
2.051250
1.968750
2.192500
2.157500
2.165000
2.177500
2.182500
2.166250
2.107500
2.153750
2.182500
2.223750
2.217500
2.000000
2.000000
1.952500
1.976250
1.988750
1.995000
1.986250
1.967500
-0.051684
0.891250
0.792500
0.760000
0.792500
0.798750
0.830000
0.925000
2.017500
1.995000
1.962500
1.957500
2.133750
2.163750
2.187500
2.160000
2.117500
2.163750
2.148750
2.133750
2.156250
2.170000
2.000000
2.000000
1.901250
2.000000
1.973750
2.000000
2.036250
2.070000
1.560000
-0.051684
0.795000
0.791250
0.800000
0.800000
0.825000
0.813750
1.983750
1.990000
1.878750
1.941250
2.068750
2.067500
2.143750
2.097500
1.957500
2.105000
2.080000
2.111250
2.095000
2.080000
2.000000
2.000000
1.888750
2.030000
1.978750
2.030000
2.031250
2.086250
2.091250
-0.051684
0.853750
0.818750
0.776250
0.761250
0.827500
0.797500
1.926250
2.006250
1.935000
1.956250
1.995000
2.051250
2.115000
2.117500
2.125000
2.097500
2.081250
2.081250
2.077500
2.066250
2.000000
2.000000
1.920000
2.022500
2.025000
2.012500
2.088750
2.110000
2.030000
-0.051684
0.873750
0.775000
0.763750
0.782500
0.750000
0.851250
0.916250
1.971250
1.917500
2.036250
2.020000
1.962500
2.035000
1.961250
2.118750
2.116250
2.028750
2.062500
2.033750
1.997500
2.000000
2.000000
1.902500
1.975000
2.022500
2.047500
2.056250
2.155000
1.656250
-0.051684
-0.051684
0.815000
0.771250
0.770000
0.800000
0.816250
0.935000
1.985000
1.926250
1.996250
1.892500
2.012500
2.097500
2.048750
2.080000
2.082500
2.010000
1.975000
1.752500
1.961250
2.000000
2.000000
1.831250
2.013750
2.070000
2.048750
2.061250
2.132500
1.980000
-0.051684
-0.051684
-0.051684
0.793750
0.828750
0.773750
0.887500
1.590000
2.025000
1.962500
1.915000
1.912500
2.070000
2.066250
2.087500
2.047500
2.027500
1.925000
1.800000
1.125000
1.555000
2.000000
2.000000
1.677500
1.982500
2.093750
2.073750
2.095000
2.081250
2.061250
-0.051684
-0.051684
-0.051684
0.882500
0.795000
0.806250
0.830000
1.585000
2.026250
2.007500
1.856250
1.990000
1.956250
2.075000
2.007500
1.991250
1.968750
1.832500
1.072500
1.041250
1.546250
2.000000
2.000000
1.352500
1.973750
2.003750
2.082500
2.118750
2.117500
1.368750
-0.051684
-0.051684
-0.051684
0.765000
0.930000
0.848750
0.807500
1.680000
1.940000
2.020000
1.870000
2.038750
1.876250
2.015000
1.957500
1.732500
1.050000
1.050000
1.055000
1.073750
1.596250
2.000000
2.000000
0.821250
1.832500
2.035000
2.108750
2.113750
2.082500
-0.051684
-0.051684
-0.051684
-0.051684
-0.051684
0.857500
0.960000
0.830000
1.680000
1.861250
1.928750
1.992500
1.750000
2.000000
2.010000
1.172500
1.055000
1.032500
1.046250
1.058750
1.085000
1.551250
2.000000
2.000000
0.815000
1.752500
2.117500
2.105000
2.100000
2.070000
-0.051684
-0.051684
-0.051684
-0.051684
-0.051684
-0.051684
0.982500
0.871250
1.756250
1.853750
2.070000
2.015000
1.743750
1.106250
1.182500
1.051250
1.055000
1.041250
1.048750
1.225000
1.110000
1.537500
2.000000
2.000000
0.830000
1.773750
2.293750
2.132500
2.130000
-0.051684
-0.051684
-0.051684
-0.051684
-0.051684
-0.051684
-0.051684
0.928750
0.873750
1.805000
1.887500
2.046250
2.052500
1.722500
1.062500
1.066250
1.052500
1.045000
1.070000
1.236250
1.133750
0.940000
1.536250
2.000000
2.000000
0.792500
1.843750
2.140000
1.982500
1.650000
-0.051684
-0.051684
-0.051684
-0.051684
-0.051684
-0.051684
-0.051684
-0.051684
0.870000
1.796250
1.907500
2.026250
1.980000
1.450000
1.066250
1.071250
1.075000
1.047500
1.131250
0.856250
0.840000
0.767500
0.925000
2.000000
1.000000
0.777500
0.897500
1.036250
0.991250
0.860000
-0.051684
-0.051684
-0.051684
-0.051684
-0.051684
-0.051684
-0.051684
-0.051684
0.856250
1.740000
0.951250
0.981250
0.913750
0.800000
0.800000
0.800000
0.800000
0.800000
0.800000
0.800000
0.800000
0.800000
0.800000
1.000000
